23.12.2023	01:01:02	4	2	0	1	0	0	1,9	1,4	2,5
23.12.2023	01:01:02	4	2	0	1	1	1	1,9	1,4	2,5
23.12.2023	01:01:02	4	2	1	1	1	1	1,9	1,4	2,5
23.12.2023	01:06:12	1	2	1	1	1	1	7,1	1,5	2,3
23.12.2023	01:06:13	1	2	1	1	2	1	7,1	1,5	2,3
23.12.2023	01:06:13	1	2	0	1	2	1	7,1	1,5	2,3
23.12.2023	01:18:48	4	2	0	1	0	0	5	1,4	2
23.12.2023	01:18:48	4	2	0	1	1	1	5	1,4	2
23.12.2023	01:18:49	4	2	1	1	1	1	5	1,4	2
23.12.2023	01:22:02	1	2	1	1	1	1	7,1	1,4	1,9
23.12.2023	01:22:02	1	2	1	1	2	1	7,1	1,4	1,9
23.12.2023	01:22:02	1	2	0	1	2	1	7,1	1,4	1,9
23.12.2023	01:27:52	3	2	0	1	2	1	7	1,4	1,6
23.12.2023	01:27:52	3	2	1	1	2	1	7	1,4	1,6
23.12.2023	01:29:30	1	2	1	1	2	1	7,1	1,4	1,6
23.12.2023	01:29:31	1	2	0	1	2	1	7,1	1,4	1,6
-----------------------------------										
23.12.2023	11:40:10	3	2	0	1	0	1	2,3	2,1	1,9
23.12.2023	11:40:10	3	2	1	1	0	1	2,3	2,1	1,9
23.12.2023	11:44:58	1	2	1	1	0	1	7,1	2	1,7
23.12.2023	11:44:59	1	2	0	1	0	1	7,1	2	1,7
23.12.2023	11:46:37	1	2	0	1	2	1	8,3	1,9	1,7
23.12.2023	11:49:45	4	2	0	1	2	1	7	1,9	1,5
23.12.2023	11:49:45	4	2	0	1	1	1	7	1,9	1,5
23.12.2023	11:49:46	4	2	1	1	1	1	7	1,9	1,5
23.12.2023	11:51:22	1	2	1	1	1	1	7,1	1,9	1,5
23.12.2023	11:51:23	1	2	1	1	2	1	7,1	1,9	1,5
23.12.2023	11:51:23	1	2	0	1	2	1	7,1	1,9	1,5
23.12.2023	12:11:59	3	2	0	1	2	1	3,9	1,8	1,5
23.12.2023	12:11:59	3	2	1	1	2	1	3,9	1,8	1,5
23.12.2023	12:14:14	4	2	0	1	0	0	5,4	1,8	1,5
23.12.2023	12:14:14	4	2	0	1	1	1	5,4	1,8	1,5
23.12.2023	12:14:15	4	2	1	1	1	1	5,4	1,8	1,5
23.12.2023	12:15:40	1	2	1	1	1	1	7,1	1,8	1,5
23.12.2023	12:15:40	1	2	1	1	2	1	7,1	1,8	1,5
23.12.2023	12:15:40	1	2	0	1	2	1	7,1	1,8	1,5
23.12.2023	12:20:27	3	2	0	1	2	1	7	1,8	1,5
23.12.2023	12:20:27	3	2	1	1	2	1	7	1,8	1,5
23.12.2023	12:20:30	1	2	1	1	2	1	7,1	1,8	1,5
23.12.2023	12:20:30	1	2	0	1	2	1	7,1	1,8	1,5
23.12.2023	12:37:15	3	2	0	1	2	1	3,9	1,7	1,2
23.12.2023	12:37:15	3	2	1	1	2	1	3,9	1,7	1,2
23.12.2023	12:40:37	1	2	1	1	2	1	7,1	1,7	1,1
23.12.2023	12:40:37	1	2	0	1	2	1	7,1	1,7	1,1
23.12.2023	12:59:43	3	2	0	1	2	1	3,9	1,3	0,7
23.12.2023	12:59:44	3	2	1	1	2	1	3,9	1,3	0,7
23.12.2023	13:03:09	1	2	1	1	2	1	7,1	1,3	0,7
23.12.2023	13:03:09	1	2	0	1	2	1	7,1	1,3	0,7
23.12.2023	13:39:29	4	2	0	1	0	0	2,5	0,7	0,3
23.12.2023	13:39:29	4	2	0	1	1	1	2,5	0,7	0,3
23.12.2023	13:39:29	4	2	1	1	1	1	2,5	0,7	0,3
23.12.2023	13:43:41	1	2	1	1	1	1	7,1	0,7	0,3
23.12.2023	13:43:41	1	2	1	1	2	1	7,1	0,7	0,3
23.12.2023	13:43:41	1	2	0	1	2	1	7,1	0,7	0,3
23.12.2023	13:47:40	3	2	0	1	2	1	7	0,7	0,3
23.12.2023	13:47:40	3	2	1	1	2	1	7	0,7	0,3
23.12.2023	13:48:57	1	2	1	1	2	1	7,1	0,7	0,3
23.12.2023	13:48:58	1	2	0	1	2	1	7,1	0,7	0,3
23.12.2023	14:06:31	3	2	0	1	2	1	3,9	0,6	0,4
23.12.2023	14:06:32	3	2	1	1	2	1	3,9	0,6	0,4
23.12.2023	14:09:54	1	2	1	1	2	1	7,1	0,6	0,4
23.12.2023	14:09:54	1	2	0	1	2	1	7,1	0,6	0,4
23.12.2023	14:22:08	4	2	0	1	0	0	5,1	0,5	0,4
23.12.2023	14:22:08	4	2	0	1	1	1	5,1	0,5	0,4
23.12.2023	14:22:08	4	2	1	1	1	1	5,1	0,5	0,4
23.12.2023	14:24:52	1	2	1	1	1	1	7,1	0,5	0,3
23.12.2023	14:24:52	1	2	1	1	2	1	7,1	0,5	0,3
23.12.2023	14:24:52	1	2	0	1	2	1	7,1	0,5	0,3
23.12.2023	14:29:39	3	2	0	1	2	1	7	0,4	0,3
23.12.2023	14:29:39	3	2	1	1	2	1	7	0,4	0,3
23.12.2023	14:30:44	1	2	1	1	2	1	7,1	0,4	0,3
23.12.2023	14:30:44	1	2	0	1	2	1	7,1	0,4	0,3
23.12.2023	14:49:41	4	2	2	1	0	0	4,5	0	0,1
23.12.2023	14:49:41	4	2	2	1	1	1	4,5	0	0,1
23.12.2023	14:51:40	1	2	2	1	1	1	7,1	0	0,1
23.12.2023	14:51:40	1	2	2	1	2	1	7,1	0	0,1
-----------------------------------										
23.12.2023	23:33:18	4	2	0	1	0	0	1,5	1	1,6
23.12.2023	23:33:18	4	2	0	1	1	1	1,5	1	1,6
23.12.2023	23:33:18	4	2	1	1	1	1	1,5	1	1,6
23.12.2023	23:38:01	1	2	1	1	1	1	7,1	1,1	1,6
23.12.2023	23:38:01	1	2	1	1	2	1	7,1	1,1	1,6
23.12.2023	23:38:02	1	2	0	1	2	1	7,1	1,1	1,6
23.12.2023	23:41:18	3	2	0	1	2	1	7	1,1	1,5
23.12.2023	23:41:19	3	2	1	1	2	1	7	1,1	1,5
23.12.2023	23:42:40	1	2	1	1	2	1	7,1	1,1	1,5
23.12.2023	23:42:41	1	2	0	1	2	1	7,1	1,1	1,5
23.12.2023	23:59:40	3	2	0	1	2	1	3,9	1,1	1,1
23.12.2023	23:59:40	3	2	1	1	2	1	3,9	1,1	1,1
24.12.2023	00:02:58	1	2	1	1	2	1	7,1	1,1	1,1
24.12.2023	00:02:58	1	2	0	1	2	1	7,1	1,1	1,1
24.12.2023	00:32:39	4	2	0	1	0	0	3,1	1	0,9
24.12.2023	00:32:39	4	2	0	1	1	1	3,1	1	0,9
24.12.2023	00:32:39	4	2	1	1	1	1	3,1	1	0,9
24.12.2023	00:36:18	1	2	1	1	1	1	7,1	1	0,9
24.12.2023	00:36:18	1	2	1	1	2	1	7,1	1	0,9
24.12.2023	00:36:18	1	2	0	1	2	1	7,1	1	0,9
24.12.2023	00:40:07	3	2	0	1	2	1	7	1	0,8
24.12.2023	00:40:08	3	2	1	1	2	1	7	1	0,8
24.12.2023	00:41:11	1	2	1	1	2	1	7,1	1	0,8
24.12.2023	00:41:11	1	2	0	1	2	1	7,1	1	0,8
24.12.2023	00:52:28	4	2	0	1	0	0	4,9	0,9	0,8
24.12.2023	00:52:28	4	2	0	1	1	1	4,9	0,9	0,8
24.12.2023	00:52:29	4	2	1	1	1	1	4,9	0,9	0,8
24.12.2023	00:55:08	1	2	1	1	1	1	7,1	0,9	0,7
24.12.2023	00:55:09	1	2	1	1	2	1	7,1	0,9	0,7
24.12.2023	00:55:09	1	2	0	1	2	1	7,1	0,9	0,7
24.12.2023	00:59:53	3	2	0	1	2	1	7	0,8	0,7
24.12.2023	00:59:53	3	2	1	1	2	1	7	0,8	0,7
24.12.2023	01:00:58	1	2	1	1	2	1	7,1	0,8	0,7
24.12.2023	01:00:59	1	2	0	1	2	1	7,1	0,8	0,7
24.12.2023	01:19:04	3	2	0	1	2	1	3,9	0,5	0,3
24.12.2023	01:19:05	3	2	1	1	2	1	3,9	0,5	0,3
24.12.2023	01:22:41	1	2	1	1	2	1	7,1	0,4	0,2
24.12.2023	01:22:41	1	2	0	1	2	1	7,1	0,4	0,2
24.12.2023	01:39:07	3	2	0	1	2	1	3,9	0,2	0,2
24.12.2023	01:39:07	3	2	1	1	2	1	3,9	0,2	0,2
24.12.2023	01:42:34	1	2	1	1	2	1	7,1	0,1	0,1
24.12.2023	01:42:34	1	2	0	1	2	1	7,1	0,1	0,1
24.12.2023	01:59:39	3	2	0	1	2	1	3,9	0	0,1
24.12.2023	01:59:39	3	2	1	1	2	1	3,9	0	0,1
24.12.2023	02:03:08	1	2	1	1	2	1	7,1	0	0,1
24.12.2023	02:03:08	1	2	0	1	2	1	7,1	0	0,1
24.12.2023	02:19:44	3	2	0	1	2	1	3,9	0	0,1
24.12.2023	02:19:45	3	2	1	1	2	1	3,9	0	0,1
24.12.2023	02:23:20	1	2	1	1	2	1	7,1	0	0,1
24.12.2023	02:23:20	1	2	0	1	2	1	7,1	0	0,1
24.12.2023	02:38:43	3	2	0	1	2	1	3,7	0	0,1
24.12.2023	02:38:43	3	2	1	1	2	1	3,7	0	0,1
24.12.2023	02:42:24	1	2	1	1	2	1	7,1	0	0
24.12.2023	02:42:24	1	2	0	1	2	1	7,1	0	0
24.12.2023	03:00:34	3	2	0	1	2	1	3,2	0	0,1
24.12.2023	03:00:34	3	2	1	1	2	1	3,2	0	0,1
24.12.2023	03:04:41	1	2	1	1	2	1	7,1	0	0
24.12.2023	03:04:42	1	2	0	1	2	1	7,1	0	0
24.12.2023	03:19:59	3	2	0	1	2	1	3,7	0	0,1
24.12.2023	03:19:59	3	2	1	1	2	1	3,7	0	0,1
24.12.2023	03:23:34	1	2	1	1	2	1	7,1	0	0
24.12.2023	03:23:34	1	2	0	1	2	1	7,1	0	0
24.12.2023	03:27:10	4	2	0	1	2	1	7	0	0
24.12.2023	03:27:10	4	2	0	1	1	1	7	0	0
24.12.2023	03:27:10	4	2	1	1	1	1	7	0	0
24.12.2023	03:28:33	1	2	1	1	1	1	7,1	0	0
24.12.2023	03:28:33	1	2	1	1	2	1	7,1	0	0
24.12.2023	03:28:33	1	2	0	1	2	1	7,1	0	0
24.12.2023	03:33:56	3	2	0	1	2	1	6,3	0	0,1
24.12.2023	03:33:57	3	2	1	1	2	1	6,3	0	0,1
24.12.2023	03:35:49	1	2	1	1	2	1	7,1	0	0
24.12.2023	03:35:50	1	2	0	1	2	1	7,1	0	0
24.12.2023	03:52:12	3	2	0	1	2	1	3,9	0	0,1
24.12.2023	03:52:12	3	2	1	1	2	1	3,9	0	0,1
24.12.2023	03:55:39	1	2	1	1	2	1	7,1	0	0,1
24.12.2023	03:55:40	1	2	0	1	2	1	7,1	0	0,1
24.12.2023	04:07:56	4	2	0	1	0	0	4,4	0	0
24.12.2023	04:07:56	4	2	0	1	1	1	4,4	0	0
24.12.2023	04:07:56	4	2	1	1	1	1	4,4	0	0
24.12.2023	04:11:07	1	2	1	1	1	1	7,1	0	0
24.12.2023	04:11:07	1	2	1	1	2	1	7,1	0	0
24.12.2023	04:11:08	1	2	0	1	2	1	7,1	0	0
24.12.2023	04:15:35	3	2	0	1	2	1	6,8	0	0,1
24.12.2023	04:15:35	3	2	1	1	2	1	6,8	0	0,1
24.12.2023	04:17:08	1	2	1	1	2	1	7,1	0	0
24.12.2023	04:17:08	1	2	0	1	2	1	7,1	0	0
24.12.2023	04:25:36	4	2	0	1	0	0	5,6	0	0
24.12.2023	04:25:36	4	2	0	1	1	1	5,6	0	0
24.12.2023	04:25:37	4	2	1	1	1	1	5,6	0	0
24.12.2023	04:27:57	1	2	1	1	1	1	7,1	0	0
24.12.2023	04:27:57	1	2	1	1	2	1	7,1	0	0
24.12.2023	04:27:57	1	2	0	1	2	1	7,1	0	0
24.12.2023	04:32:39	3	2	0	1	2	1	7	0	0,1
24.12.2023	04:32:39	3	2	1	1	2	1	7	0	0,1
24.12.2023	04:34:04	1	2	1	1	2	1	7,1	0	0
24.12.2023	04:34:04	1	2	0	1	2	1	7,1	0	0
24.12.2023	04:51:50	3	2	0	1	2	1	3,8	0	0,1
24.12.2023	04:51:51	3	2	1	1	2	1	3,8	0	0,1
24.12.2023	04:55:30	1	2	1	1	2	1	7,1	0	0
24.12.2023	04:55:30	1	2	0	1	2	1	7,1	0	0
24.12.2023	05:05:47	4	2	0	1	0	0	5	0	0
24.12.2023	05:05:47	4	2	0	1	1	1	5	0	0
24.12.2023	05:05:47	4	2	1	1	1	1	5	0	0
24.12.2023	05:08:43	1	2	1	1	1	1	7,1	0	0
24.12.2023	05:08:44	1	2	1	1	2	1	7,1	0	0
24.12.2023	05:08:44	1	2	0	1	2	1	7,1	0	0
24.12.2023	05:19:37	3	2	0	1	2	1	4,7	0	0,1
24.12.2023	05:19:37	3	2	1	1	2	1	4,7	0	0,1
24.12.2023	05:22:30	1	2	1	1	2	1	7,1	0	0
24.12.2023	05:22:30	1	2	0	1	2	1	7,1	0	0
24.12.2023	05:42:26	4	2	0	1	2	1	2,9	0	0
24.12.2023	05:42:26	4	2	0	1	1	1	2,9	0	0
24.12.2023	05:42:26	4	2	1	1	1	1	2,9	0	0
24.12.2023	05:46:34	1	2	1	1	1	1	7,1	0	0
24.12.2023	05:46:34	1	2	1	1	2	1	7,1	0	0
24.12.2023	05:46:34	1	2	0	1	2	1	7,1	0	0
24.12.2023	06:04:24	3	2	0	1	2	1	3,8	0	0,1
24.12.2023	06:04:25	3	2	1	1	2	1	3,8	0	0,1
24.12.2023	06:08:01	1	2	1	1	2	1	7,1	0	0,1
24.12.2023	06:08:01	1	2	0	1	2	1	7,1	0	0,1
24.12.2023	06:32:20	3	2	0	1	2	1	3,3	0	0,1
24.12.2023	06:32:20	3	2	1	1	2	1	3,3	0	0,1
24.12.2023	06:36:14	1	2	1	1	2	1	7,1	0	0
24.12.2023	06:36:14	1	2	0	1	2	1	7,1	0	0
24.12.2023	07:00:46	4	2	0	1	2	1	2,9	0	0
24.12.2023	07:00:46	4	2	0	1	1	1	2,9	0	0
24.12.2023	07:00:46	4	2	1	1	1	1	2,9	0	0
24.12.2023	07:04:49	1	2	1	1	1	1	7,1	0	0
24.12.2023	07:04:49	1	2	1	1	2	1	7,1	0	0
24.12.2023	07:04:49	1	2	0	1	2	1	7,1	0	0
24.12.2023	07:29:02	4	2	0	1	2	1	2,9	0	0
24.12.2023	07:29:02	4	2	0	1	1	1	2,9	0	0
24.12.2023	07:29:02	4	2	1	1	1	1	2,9	0	0
24.12.2023	07:33:05	1	2	1	1	1	1	7,1	0	0
24.12.2023	07:33:05	1	2	1	1	2	1	7,1	0	0
24.12.2023	07:33:06	1	2	0	1	2	1	7,1	0	0
24.12.2023	07:41:54	1	2	2	1	2	1	5,3	0	-0,1
24.12.2023	08:11:54	1	2	0	1	2	1	24	0	0
24.12.2023	09:10:49	3	2	0	1	2	1	3,9	0	0,2
24.12.2023	09:10:49	3	2	1	1	2	1	3,9	0	0,2
24.12.2023	09:14:19	1	2	1	1	2	1	7,1	0	0,2
24.12.2023	09:14:20	1	2	0	1	2	1	7,1	0	0,2
24.12.2023	09:36:37	3	2	0	1	2	1	3,9	0	0,3
24.12.2023	09:36:37	3	2	1	1	2	1	3,9	0	0,3
24.12.2023	09:39:53	1	2	1	1	2	1	7,1	0,1	0,3
24.12.2023	09:39:53	1	2	0	1	2	1	7,1	0,1	0,3
24.12.2023	09:59:51	3	2	0	1	2	1	3,9	0,1	0,5
24.12.2023	09:59:51	3	2	1	1	2	1	3,9	0,1	0,5
24.12.2023	10:03:02	1	2	1	1	2	1	7,1	0,1	0,5
24.12.2023	10:03:02	1	2	0	1	2	1	7,1	0,1	0,5
24.12.2023	10:27:42	3	2	0	1	2	1	3,9	0,1	0,8
24.12.2023	10:27:42	3	2	1	1	2	1	3,9	0,1	0,8
24.12.2023	10:31:01	1	2	1	1	2	1	7,1	0,1	0,8
24.12.2023	10:31:02	1	2	0	1	2	1	7,1	0,1	0,8
24.12.2023	11:04:00	3	2	0	1	2	1	3,9	0,2	1,7
24.12.2023	11:04:00	3	2	1	1	2	1	3,9	0,2	1,7
24.12.2023	11:07:07	1	2	1	1	2	1	7,1	0,3	1,9
24.12.2023	11:07:07	1	2	0	1	2	1	7,1	0,3	1,9
24.12.2023	11:33:55	4	2	0	1	0	0	4,7	0,6	2,8
24.12.2023	11:33:55	4	2	0	1	1	1	4,7	0,6	2,8
24.12.2023	11:33:55	4	2	1	1	1	1	4,7	0,6	2,8
24.12.2023	11:36:25	1	2	1	1	1	1	7,1	0,6	3
24.12.2023	11:36:26	1	2	1	1	2	1	7,1	0,6	3
24.12.2023	11:36:26	1	2	0	1	2	1	7,1	0,6	3
24.12.2023	11:59:27	4	2	0	1	0	0	5,6	1,9	4
24.12.2023	11:59:27	4	2	0	1	1	1	5,6	1,9	4
24.12.2023	11:59:27	4	2	1	1	1	1	5,6	1,9	4
24.12.2023	12:01:28	1	2	1	1	1	1	7,1	2	4
24.12.2023	12:01:28	1	2	1	1	2	1	7,1	2	4
24.12.2023	12:01:28	1	2	0	1	2	1	7,1	2	4
-----------------------------------										
04.01.2024	20:23:44	3	0	0	0	0	1	2,8	2,2	1,9
04.01.2024	20:23:44	3	0	1	0	0	1	2,8	2,2	1,9
-----------------------------------										
06.01.2024	09:02:49	4	2	0	1	0	0	1,6	1,4	1,5
06.01.2024	09:02:50	4	2	0	1	1	1	1,6	1,4	1,5
06.01.2024	09:02:50	4	2	1	1	1	1	1,6	1,4	1,5
06.01.2024	09:07:38	1	2	1	1	1	1	7,1	1,4	1,5
06.01.2024	09:07:38	1	2	1	1	2	1	7,1	1,4	1,5
06.01.2024	09:07:39	1	2	0	1	2	1	7,1	1,4	1,5
06.01.2024	09:12:18	3	2	0	1	2	1	7	1,4	1,4
06.01.2024	09:12:18	3	2	1	1	2	1	7	1,4	1,4
06.01.2024	09:13:43	1	2	1	1	2	1	7,1	1,4	1,4
06.01.2024	09:13:43	1	2	0	1	2	1	7,1	1,4	1,4
06.01.2024	09:35:57	3	2	0	1	2	1	3,9	1,4	1,1
06.01.2024	09:35:57	3	2	1	1	2	1	3,9	1,4	1,1
06.01.2024	09:39:17	1	2	1	1	2	1	7,1	1,4	1,1
06.01.2024	09:39:17	1	2	0	1	2	1	7,1	1,4	1,1
06.01.2024	10:19:35	4	2	0	1	0	0	3,2	1,5	1,3
06.01.2024	10:19:35	4	2	0	1	1	1	3,2	1,5	1,3
06.01.2024	10:19:35	4	2	1	1	1	1	3,2	1,5	1,3
06.01.2024	10:23:29	1	2	1	1	1	1	7,1	1,5	1,2
06.01.2024	10:23:29	1	2	1	1	2	1	7,1	1,5	1,2
06.01.2024	10:23:29	1	2	0	1	2	1	7,1	1,5	1,2
06.01.2024	10:29:10	3	2	0	1	2	1	7	1,5	1,1
06.01.2024	10:29:11	3	2	1	1	2	1	7	1,5	1,1
06.01.2024	10:29:13	1	2	1	1	2	1	7,1	1,5	1,1
06.01.2024	10:29:14	1	2	0	1	2	1	7,1	1,5	1,1
06.01.2024	10:48:20	3	2	0	1	2	1	3,9	1,6	1
06.01.2024	10:48:20	3	2	1	1	2	1	3,9	1,6	1
06.01.2024	10:51:48	1	2	1	1	2	1	7,1	1,6	0,9
06.01.2024	10:51:48	1	2	0	1	2	1	7,1	1,6	0,9
06.01.2024	11:16:47	3	2	0	1	2	1	3,9	1,8	0,9
06.01.2024	11:16:47	3	2	1	1	2	1	3,9	1,8	0,9
06.01.2024	13:32:38	4	2	0	1	0	0	1,6	1,1	0,7
06.01.2024	13:32:38	4	2	0	1	1	1	1,6	1,1	0,7
06.01.2024	13:32:38	4	2	1	1	1	1	1,6	1,1	0,7
06.01.2024	13:37:22	1	2	1	1	1	1	7,1	1,1	0,7
06.01.2024	13:37:22	1	2	1	1	2	1	7,1	1,1	0,7
06.01.2024	13:37:22	1	2	0	1	2	1	7,1	1,1	0,7
06.01.2024	13:41:29	3	2	0	1	2	1	7	1,1	0,7
06.01.2024	13:41:29	3	2	1	1	2	1	7	1,1	0,7
06.01.2024	13:42:37	1	2	1	1	2	1	7,1	1,1	0,7
06.01.2024	13:42:37	1	2	0	1	2	1	7,1	1,1	0,7
-----------------------------------										
08.01.2024	20:35:57	2	2	0	1	0	0	-10	-12,1	-11,2
08.01.2024	20:35:57	2	2	1	1	0	0	-10	-12,1	-11,2
08.01.2024	20:38:26	1	2	1	1	0	0	-7,9	-12,1	-11,2
08.01.2024	20:38:26	1	2	0	1	0	0	-7,9	-12,1	-11,2
08.01.2024	22:38:26	1	2	0	1	0	0	-10,9	-13,2	-12,5
09.01.2024	00:38:27	1	2	0	1	0	0	-10,9	-12,4	-11,6
09.01.2024	02:30:04	2	2	0	1	0	0	-12,1	-13,8	-12,6
09.01.2024	02:30:04	2	2	1	1	0	0	-12,1	-13,8	-12,6
09.01.2024	02:33:42	1	2	1	1	0	0	-7,9	-13,8	-12,6
09.01.2024	02:33:42	1	2	0	1	0	0	-7,9	-13,8	-12,6
09.01.2024	04:24:03	2	2	0	1	0	0	-12,1	-14,4	-12,2
09.01.2024	04:24:03	2	2	1	1	0	0	-12,1	-14,4	-12,2
09.01.2024	04:27:43	1	2	1	1	0	0	-7,9	-14,4	-12,3
09.01.2024	04:27:43	1	2	0	1	0	0	-7,9	-14,4	-12,3
09.01.2024	06:18:01	2	2	0	1	0	0	-12,1	-14,1	-12,3
09.01.2024	06:18:01	2	2	1	1	0	0	-12,1	-14,1	-12,3
09.01.2024	06:21:40	1	2	1	1	0	0	-7,9	-14	-12,3
09.01.2024	06:21:40	1	2	0	1	0	0	-7,9	-14	-12,3
09.01.2024	08:21:41	1	2	0	1	0	0	-11,9	-13,5	-11,6
-----------------------------------										
09.01.2024	20:21:05	2	2	0	1	0	0	-10	-12,1	-13,3
09.01.2024	20:21:05	2	2	1	1	0	0	-10	-12,1	-13,3
09.01.2024	20:23:33	1	2	1	1	0	0	-7,9	-12	-13,3
09.01.2024	20:23:33	1	2	0	1	0	0	-7,9	-12	-13,3
09.01.2024	22:23:33	1	2	0	1	0	0	-10,9	-13,3	-13,8
10.01.2024	00:13:53	2	2	0	1	0	0	-12,1	-14,1	-13,7
10.01.2024	00:13:53	2	2	1	1	0	0	-12,1	-14,1	-13,7
10.01.2024	00:17:30	1	2	1	1	0	0	-7,9	-14,1	-13,5
10.01.2024	00:17:30	1	2	0	1	0	0	-7,9	-14,1	-13,5
10.01.2024	01:49:50	2	2	0	1	0	0	-12,1	-14,7	-14
10.01.2024	01:49:50	2	2	1	1	0	0	-12,1	-14,7	-14
10.01.2024	01:53:22	1	2	1	1	0	0	-7,9	-14,7	-14
10.01.2024	01:53:23	1	2	0	1	0	0	-7,9	-14,7	-14
10.01.2024	03:26:31	2	2	0	1	0	0	-12,1	-14,7	-13
10.01.2024	03:26:31	2	2	1	1	0	0	-12,1	-14,7	-13
10.01.2024	03:30:08	1	2	1	1	0	0	-7,9	-14,7	-13,1
10.01.2024	03:30:09	1	2	0	1	0	0	-7,9	-14,7	-13,1
10.01.2024	05:03:51	2	2	0	1	0	0	-12,1	-14,2	-12,9
10.01.2024	05:03:51	2	2	1	1	0	0	-12,1	-14,2	-12,9
10.01.2024	05:07:31	1	2	1	1	0	0	-7,9	-14,2	-13
10.01.2024	05:07:31	1	2	0	1	0	0	-7,9	-14,2	-13
10.01.2024	06:53:28	2	2	0	1	0	0	-12,1	-14,5	-13,6
10.01.2024	06:53:29	2	2	1	1	0	0	-12,1	-14,5	-13,6
10.01.2024	06:57:14	1	2	1	1	0	0	-7,9	-14,5	-13,7
10.01.2024	06:57:14	1	2	0	1	0	0	-7,9	-14,5	-13,7
10.01.2024	08:09:36	2	2	0	1	0	0	-12,1	-14,4	-13,4
10.01.2024	08:09:36	2	2	1	1	0	0	-12,1	-14,4	-13,4
10.01.2024	08:13:20	1	2	1	1	0	0	-7,9	-14,3	-13,3
10.01.2024	08:13:20	1	2	0	1	0	0	-7,9	-14,3	-13,3
-----------------------------------										
10.01.2024	23:49:23	2	2	0	1	0	0	-10,5	-12,1	-12,4
10.01.2024	23:49:23	2	2	1	1	0	0	-10,5	-12,1	-12,4
10.01.2024	23:52:08	1	2	1	1	0	0	-7,9	-12	-12,5
10.01.2024	23:52:08	1	2	0	1	0	0	-7,9	-12	-12,5
11.01.2024	01:52:08	1	2	0	1	0	0	-10,5	-11,7	-10,9
11.01.2024	03:52:09	1	2	0	1	0	0	-11	-12,2	-10,7
11.01.2024	05:52:09	1	2	0	1	0	0	-10,9	-11,7	-10,3
11.01.2024	06:50:42	1	2	0	1	0	0	-9,3	-9,7	-7,6
-----------------------------------										
17.01.2024	09:08:07	4	2	1	1	1	1	-5,1	-6	-4,1
17.01.2024	09:18:54	1	2	0	1	2	1	7,1	-5,4	-3,1
17.01.2024	09:27:00	4	2	1	1	1	1	2,9	-5,1	-4
-----------------------------------										
18.01.2024	06:15:36	4	2	1	1	1	1	0,7	0,2	0,3
18.01.2024	06:20:35	1	2	0	1	2	1	7,1	0,2	0,3
18.01.2024	06:24:21	3	2	1	1	2	1	7	0,1	0,3
18.01.2024	06:25:31	1	2	0	1	2	1	7,1	0,1	0,3
-----------------------------------										
14.02.2024	08:21:07	4	2	1	1	1	1	-0,6	-0,2	3,7
14.02.2024	08:27:45	1	2	0	1	2	1	7,1	0	4,2
14.02.2024	08:47:30	4	2	1	1	1	1	2,9	1,4	5
14.02.2024	08:51:01	1	2	0	1	2	1	7,1	1,7	5,2
-----------------------------------										
28.02.2024	11:14:46	3	2	1	1	0	1	8,2	8,2	1
-----------------------------------										
12.11.2024	22:38:24	4	2	1	1	1	1	0,6	0,2	0
12.11.2024	22:43:28	1	2	0	1	2	1	7,1	0,1	0
12.11.2024	23:08:33	4	2	1	1	1	1	2,9	0	0
12.11.2024	23:12:15	1	2	0	1	2	1	7,1	0	0
-----------------------------------										
13.11.2024	05:22:04	4	2	1	1	1	1	0,4	0	0,2
13.11.2024	05:27:24	1	2	0	1	2	1	7,1	0	0,1
13.11.2024	06:34:21	4	2	1	1	1	1	1,3	0	0,1
13.11.2024	06:38:41	1	2	0	1	2	1	7,1	0	0,1
13.11.2024	07:15:43	4	2	1	1	1	1	2,2	0	0,2
13.11.2024	07:19:29	1	2	0	1	2	1	7,1	0	0,2
13.11.2024	07:46:19	4	2	1	1	1	1	3,1	0	0,1
13.11.2024	07:49:35	1	2	0	1	2	1	7,1	0	0
13.11.2024	10:15:30	4	2	1	1	1	1	1,8	1,3	1,3
13.11.2024	10:19:26	1	2	0	1	2	1	7,1	1,4	1,3
13.11.2024	11:54:38	3	2	1	1	0	1	3	2,7	2,5
13.11.2024	11:57:47	1	2	0	1	0	1	7,1	2,8	2,6
13.11.2024	12:36:09	3	2	1	1	0	1	4,5	3,8	3,7
13.11.2024	12:38:28	1	2	0	1	0	1	7,1	3,8	3,8
13.11.2024	12:46:27	3	2	1	1	0	1	6,9	3,9	4
13.11.2024	12:46:38	3	2	1	1	0	1	6,8	3,9	4
13.11.2024	12:46:51	3	2	1	1	0	1	6,8	3,9	4
-----------------------------------										
13.11.2024	21:04:06	3	0	1	0	0	1	4	3,7	3,6
13.11.2024	21:06:35	1	0	0	0	0	1	7,1	3,6	3,6
13.11.2024	23:06:35	1	0	0	0	0	1	4,4	3,8	3,7
13.11.2024	23:57:57	3	0	1	0	0	1	4,2	3,6	3,7
14.11.2024	00:00:24	1	0	0	0	0	1	7,1	3,6	3,7
14.11.2024	02:55:30	3	0	1	0	0	1	4,2	3,7	4
14.11.2024	02:57:59	1	0	0	0	0	1	7,1	3,8	4
14.11.2024	03:22:46	3	0	1	0	0	1	5,4	3,8	3,9
14.11.2024	03:24:37	1	0	0	0	0	1	7,1	3,8	3,9
14.11.2024	04:01:21	3	0	1	0	0	1	5,1	3,7	3,7
14.11.2024	04:03:22	1	0	0	0	0	1	7,1	3,7	3,7
-----------------------------------										
17.11.2024	23:51:28	3	0	1	0	0	1	4,5	3,9	4,8
17.11.2024	23:54:01	1	0	0	0	0	1	7,1	3,9	4,7
18.11.2024	04:47:49	3	0	1	0	0	1	4,5	3,9	4,6
18.11.2024	05:45:30	3	0	1	0	0	1	4,2	3,5	4,3
18.11.2024	05:48:17	1	0	0	0	0	1	7,1	3,5	4,4
-----------------------------------										
19.11.2024	09:30:27	3	2	1	1	0	1	2,4	2,2	3,2
19.11.2024	09:34:24	1	2	0	1	0	1	7,1	2,2	2,9
19.11.2024	09:58:48	3	2	1	1	0	1	3,9	2	2
19.11.2024	10:02:00	1	2	0	1	0	1	7,1	2	2
19.11.2024	10:34:22	3	2	1	1	0	1	3,9	2,3	2,1
19.11.2024	10:37:17	1	2	0	1	0	1	7,1	2,3	2,2
19.11.2024	11:17:53	3	2	1	1	0	1	4	2,8	2,8
19.11.2024	11:20:39	1	2	0	1	0	1	7,1	2,8	2,8
19.11.2024	11:38:53	3	2	1	1	0	1	5,3	3,2	3,1
19.11.2024	11:40:54	1	2	0	1	0	1	7,1	3,2	3,1
-----------------------------------										
20.11.2024	05:10:27	3	0	1	0	0	1	4,3	3,9	3
20.11.2024	05:12:55	1	0	0	0	0	1	7,1	3,9	2,9
20.11.2024	05:25:22	3	0	1	0	0	1	5,5	3,6	2,4
20.11.2024	05:27:19	1	0	0	0	0	1	7,1	3,5	2,4
20.11.2024	06:03:43	3	0	1	0	0	1	3,9	2,9	1,9
20.11.2024	06:06:27	1	0	0	0	0	1	7,1	2,9	1,9
20.11.2024	06:32:51	3	0	1	0	0	1	3,9	2,6	1,7
20.11.2024	06:35:32	1	0	0	0	0	1	7,1	2,6	1,7
20.11.2024	09:34:29	3	0	1	0	0	1	2,4	2,1	1,9
20.11.2024	09:38:07	1	0	0	0	0	1	7,1	2,1	2
20.11.2024	09:57:53	3	0	1	0	0	1	3,9	2,3	2,2
20.11.2024	10:00:39	1	0	0	0	0	1	7,1	2,3	2,2
20.11.2024	10:18:10	3	0	1	0	0	1	4,5	2,5	2,5
20.11.2024	10:20:35	1	0	0	0	0	1	7,1	2,5	2,5
20.11.2024	11:06:42	3	0	1	0	0	1	3,9	2,9	2,8
20.11.2024	11:09:25	1	0	0	0	0	1	7,1	2,9	2,8
-----------------------------------										
20.11.2024	16:52:10	3	0	1	0	0	1	3,9	3,9	2,4
20.11.2024	16:55:05	1	0	0	0	0	1	7,1	3,9	2,5
20.11.2024	17:43:11	3	0	1	0	0	1	4	2,8	2,1
20.11.2024	17:46:09	1	0	0	0	0	1	7,1	2,8	2,1
20.11.2024	18:36:21	3	0	1	0	0	1	3,9	2,1	1,5
20.11.2024	18:39:19	1	0	0	0	0	1	7,1	2,1	1,4
20.11.2024	18:43:45	1	2	0	1	0	1	7,7	1,9	1,2
20.11.2024	18:45:23	4	2	1	1	1	1	7	2	1,2
20.11.2024	18:46:23	1	2	0	1	2	1	7,1	2	1,2
20.11.2024	18:51:54	4	2	1	1	1	1	7	1,8	1,1
20.11.2024	18:52:55	1	2	0	1	2	1	7,1	1,8	1,1
20.11.2024	18:59:04	4	2	1	1	1	1	7	1,7	1,3
20.11.2024	18:59:57	1	2	0	1	2	1	7,1	1,7	1,3
20.11.2024	19:06:00	4	2	1	1	1	1	7	1,7	1,4
20.11.2024	19:06:49	1	2	0	1	2	1	7,1	1,6	1,4
20.11.2024	19:12:17	4	2	1	1	1	1	7	1,6	1,4
20.11.2024	19:13:18	1	2	0	1	2	1	7,1	1,6	1,5
20.11.2024	19:20:27	4	2	1	1	1	1	7	1,5	1,6
20.11.2024	19:20:30	1	2	0	1	2	1	7,1	1,5	1,6
20.11.2024	19:20:33	4	2	1	1	1	1	7	1,5	1,6
20.11.2024	19:21:23	1	2	0	1	2	1	7,1	1,5	1,5
20.11.2024	19:27:42	4	2	1	1	1	1	7	1,4	1,3
20.11.2024	19:28:31	1	2	0	1	2	1	7,1	1,4	1,3
20.11.2024	19:46:26	4	2	1	1	1	1	5,6	1,2	1,2
20.11.2024	19:48:33	1	2	0	1	2	1	7,1	1,2	1,2
20.11.2024	19:56:20	4	2	1	1	1	1	7	1,1	1,3
20.11.2024	19:57:15	1	2	0	1	2	1	7,1	1,2	1,3
20.11.2024	20:03:37	4	2	1	1	1	1	7	1,2	1,5
20.11.2024	20:04:27	1	2	0	1	2	1	7,1	1,2	1,5
20.11.2024	20:10:03	4	2	1	1	1	1	7	1,3	1,8
20.11.2024	20:10:59	1	2	0	1	2	1	7,1	1,3	1,8
20.11.2024	20:16:57	4	2	1	1	1	1	7	1,3	1,9
20.11.2024	20:17:00	1	2	0	1	2	1	7,1	1,3	1,9
20.11.2024	20:17:03	4	2	1	1	1	1	7	1,3	1,9
20.11.2024	20:18:02	1	2	0	1	2	1	7,1	1,3	1,9
20.11.2024	20:22:50	4	2	1	1	1	1	7	1,3	1,6
20.11.2024	20:24:01	1	2	0	1	2	1	7,1	1,3	1,6
20.11.2024	20:29:46	4	2	1	1	1	1	7	1,2	1,3
20.11.2024	20:30:40	1	2	0	1	2	1	7,1	1,2	1,3
20.11.2024	20:36:12	4	2	1	1	1	1	7	1,2	1,1
20.11.2024	20:37:09	1	2	0	1	2	1	7,1	1,2	1,1
20.11.2024	20:41:37	4	2	1	1	1	1	7	1	0,9
20.11.2024	20:42:45	1	2	0	1	2	1	7,1	1	0,8
20.11.2024	20:47:31	4	2	1	1	1	1	7	0,7	0,6
20.11.2024	20:48:39	1	2	0	1	2	1	7,1	0,7	0,5
20.11.2024	20:53:20	4	2	1	1	1	1	7	0,6	0,3
20.11.2024	20:54:21	1	2	0	1	2	1	7,1	0,5	0,3
20.11.2024	20:58:19	4	2	1	1	1	1	7	0,2	0,2
20.11.2024	20:59:14	1	2	0	1	2	1	7,1	0,2	0,2
20.11.2024	21:03:22	4	2	1	1	1	1	7	0,3	0,2
20.11.2024	21:04:36	1	2	0	1	2	1	7,1	0,4	0,1
20.11.2024	21:08:58	4	2	1	1	1	1	7	0,4	0,2
20.11.2024	21:10:01	1	2	0	1	2	1	7,1	0,4	0,2
20.11.2024	21:14:19	4	2	1	1	1	1	7	0,5	0,3
20.11.2024	21:15:16	1	2	0	1	2	1	7,1	0,5	0,3
20.11.2024	21:19:01	4	2	1	1	1	1	7	0,6	0,5
20.11.2024	21:20:06	1	2	0	1	2	1	7,1	0,6	0,5
20.11.2024	21:24:48	4	2	1	1	1	1	7	0,6	0,6
20.11.2024	21:25:46	1	2	0	1	2	1	7,1	0,6	0,7
20.11.2024	21:30:05	4	2	1	1	1	1	7	0,7	0,7
20.11.2024	21:31:12	1	2	0	1	2	1	7,1	0,7	0,7
20.11.2024	21:35:59	4	2	1	1	1	1	7	0,7	0,8
20.11.2024	21:37:00	1	2	0	1	2	1	7,1	0,7	0,7
20.11.2024	21:41:46	4	2	1	1	1	1	7	0,6	0,6
20.11.2024	21:42:44	1	2	0	1	2	1	7,1	0,6	0,5
20.11.2024	21:47:14	4	2	1	1	1	1	7	0,5	0,3
20.11.2024	21:48:12	1	2	0	1	2	1	7,1	0,5	0,3
20.11.2024	21:52:24	4	2	1	1	1	1	7	0,5	0,4
20.11.2024	21:53:19	1	2	0	1	2	1	7,1	0,5	0,4
20.11.2024	21:56:51	4	2	1	1	1	1	7	0,5	0,4
20.11.2024	21:57:47	1	2	0	1	2	1	7,1	0,5	0,4
20.11.2024	22:02:31	4	2	1	1	1	1	7	0,5	0,5
20.11.2024	22:03:23	1	2	0	1	2	1	7,1	0,5	0,5
20.11.2024	22:07:35	4	2	1	1	1	1	7	0,5	0,6
20.11.2024	22:08:26	1	2	0	1	2	1	7,1	0,5	0,6
21.11.2024	01:57:17	4	2	1	1	1	1	1,4	0,6	1,4
21.11.2024	02:01:36	1	2	0	1	2	1	7,1	0,6	1,2
21.11.2024	02:04:15	4	2	1	1	1	1	7	0,6	1,1
21.11.2024	02:05:32	1	2	0	1	2	1	7,1	0,6	1,1
21.11.2024	02:08:41	4	2	1	1	1	1	7	0,6	1
21.11.2024	02:09:40	1	2	0	1	2	1	7,1	0,6	1
21.11.2024	02:12:52	4	2	1	1	1	1	7	0,6	0,9
21.11.2024	02:13:58	1	2	0	1	2	1	7,1	0,6	0,9
21.11.2024	05:29:18	4	2	1	1	1	1	1,8	1,3	2
21.11.2024	05:33:18	1	2	0	1	2	1	7,1	1,3	1,7
21.11.2024	05:36:31	4	2	1	1	1	1	7	1,3	1,6
21.11.2024	05:37:39	1	2	0	1	2	1	7,1	1,3	1,5
21.11.2024	05:40:57	4	2	1	1	1	1	7	1,2	1,4
21.11.2024	05:41:54	1	2	0	1	2	1	7,1	1,2	1,4
21.11.2024	05:45:25	4	2	1	1	1	1	7	1,2	1,3
21.11.2024	05:46:28	1	2	0	1	2	1	7,1	1,2	1,3
-----------------------------------										
26.11.2024	10:12:58	1	0	0	0	0	1	7,1	7,2	8,1
26.11.2024	10:12:59	1	0	0	0	0	1	7,1	7,2	8,1
26.11.2024	10:13:00	1	0	0	0	0	1	7,1	7,2	8,1
26.11.2024	10:13:02	1	0	0	0	0	1	7,1	7,2	8,1
26.11.2024	10:13:03	1	0	0	0	0	1	7,1	7,3	8,1
26.11.2024	10:13:05	1	0	0	0	0	1	7,1	7,3	8,1
26.11.2024	10:13:06	1	0	0	0	0	1	7,1	7,3	8,1
26.11.2024	10:13:07	1	0	0	0	0	1	7,1	7,2	8,1
26.11.2024	10:13:09	1	0	0	0	0	1	7,1	7,2	8,1
26.11.2024	10:13:10	1	0	0	0	0	1	7,1	7,2	8,1
26.11.2024	10:13:11	1	0	0	0	0	1	7,1	7,2	8,1
26.11.2024	10:13:13	1	0	0	0	0	1	7,1	7,2	8,1
26.11.2024	10:13:14	1	0	0	0	0	1	7,1	7,2	8,1
26.11.2024	10:13:16	1	0	0	0	0	1	7,1	7,2	8,1
26.11.2024	10:13:17	1	0	0	0	0	1	7,1	7,2	8,1
26.11.2024	10:13:18	1	0	0	0	0	1	7,1	7,2	8,1
26.11.2024	10:13:20	1	0	0	0	0	1	7,1	7,2	8,1
26.11.2024	10:13:21	1	0	0	0	0	1	7,1	7,2	8,1
26.11.2024	10:13:22	1	0	0	0	0	1	7,1	7,2	8,1
26.11.2024	10:13:24	1	0	0	0	0	1	7,1	7,2	8,1
26.11.2024	10:13:25	1	0	0	0	0	1	7,1	7,2	8,1
26.11.2024	10:13:26	1	0	0	0	0	1	7,1	7,2	8,1
26.11.2024	10:13:28	1	0	0	0	0	1	7,1	7,2	8,1
26.11.2024	10:13:29	1	0	0	0	0	1	7,1	7,2	8,1
26.11.2024	10:13:31	1	0	0	0	0	1	7,1	7,2	8,1
26.11.2024	10:13:32	1	0	0	0	0	1	7,1	7,2	8,1
26.11.2024	10:13:33	1	0	0	0	0	1	7,1	7,2	8,1
26.11.2024	10:13:35	1	0	0	0	0	1	7,1	7,2	8,1
26.11.2024	10:13:36	1	0	0	0	0	1	7,1	7,2	8,1
26.11.2024	10:13:38	1	0	0	0	0	1	7,1	7,2	8,1
26.11.2024	10:13:39	1	0	0	0	0	1	7,1	7,2	8,1
26.11.2024	10:13:40	1	0	0	0	0	1	7,1	7,2	8,1
26.11.2024	10:13:42	1	0	0	0	0	1	7,1	7,2	8,1
26.11.2024	10:13:43	1	0	0	0	0	1	7,1	7,2	8,1
26.11.2024	10:13:44	1	0	0	0	0	1	7,1	7,2	8,1
26.11.2024	10:13:46	1	0	0	0	0	1	7,1	7,2	8,1
26.11.2024	10:13:47	1	0	0	0	0	1	7,1	7,2	8,1
26.11.2024	10:13:49	1	0	0	0	0	1	7,1	7,2	8,1
26.11.2024	10:13:50	1	0	0	0	0	1	7,1	7,2	8,1
26.11.2024	10:13:51	1	0	0	0	0	1	7,1	7,2	8,1
26.11.2024	10:13:53	1	0	0	0	0	1	7,1	7,2	8,1
26.11.2024	10:13:54	1	0	0	0	0	1	7,1	7,2	8,1
26.11.2024	10:13:56	1	0	0	0	0	1	7,1	7,2	8,1
26.11.2024	10:13:57	1	0	0	0	0	1	7,1	7,2	8,1
26.11.2024	10:13:58	1	0	0	0	0	1	7,1	7,2	8,1
26.11.2024	10:14:00	1	0	0	0	0	1	7,1	7,2	8,1
26.11.2024	10:14:01	1	0	0	0	0	1	7,1	7,2	8,1
26.11.2024	10:14:02	1	0	0	0	0	1	7,1	7,2	8,1
26.11.2024	10:14:04	1	0	0	0	0	1	7,1	7,2	8,1
26.11.2024	10:14:05	1	0	0	0	0	1	7,1	7,2	8,1
26.11.2024	10:14:07	1	0	0	0	0	1	7,1	7,2	8,1
26.11.2024	10:14:08	1	0	0	0	0	1	7,1	7,2	8,1
26.11.2024	10:14:09	1	0	0	0	0	1	7,1	7,2	8,1
26.11.2024	10:14:11	1	0	0	0	0	1	7,1	7,2	8,1
26.11.2024	10:14:12	1	0	0	0	0	1	7,1	7,2	8,1
26.11.2024	10:14:13	1	0	0	0	0	1	7,1	7,2	8,1
26.11.2024	10:14:15	1	0	0	0	0	1	7,1	7,2	8,1
26.11.2024	10:14:16	1	0	0	0	0	1	7,1	7,2	8,1
26.11.2024	10:14:18	1	0	0	0	0	1	7,1	7,2	8,1
26.11.2024	10:14:19	1	0	0	0	0	1	7,1	7,2	8,1
26.11.2024	10:14:21	1	0	0	0	0	1	7,1	7,2	8,1
26.11.2024	10:14:22	1	0	0	0	0	1	7,1	7,2	8,1
26.11.2024	10:14:24	1	0	0	0	0	1	7,1	7,2	8,1
26.11.2024	10:14:25	1	0	0	0	0	1	7,1	7,2	8,1
26.11.2024	10:14:26	1	0	0	0	0	1	7,1	7,2	8,1
26.11.2024	10:14:28	1	0	0	0	0	1	7,1	7,2	8,1
26.11.2024	10:14:29	1	0	0	0	0	1	7,1	7,2	8,1
26.11.2024	10:14:31	1	0	0	0	0	1	7,1	7,2	8,1
26.11.2024	10:14:32	1	0	0	0	0	1	7,1	7,2	8,1
26.11.2024	10:14:33	1	0	0	0	0	1	7,1	7,2	8,1
26.11.2024	10:14:35	1	0	0	0	0	1	7,1	7,2	8,1
26.11.2024	10:14:36	1	0	0	0	0	1	7,1	7,2	8,1
26.11.2024	10:14:38	1	0	0	0	0	1	7,1	7,2	8,1
26.11.2024	10:14:39	1	0	0	0	0	1	7,1	7,2	8,1
26.11.2024	10:14:40	1	0	0	0	0	1	7,1	7,2	8,1
26.11.2024	10:14:42	1	0	0	0	0	1	7,1	7,2	8,1
26.11.2024	10:14:43	1	0	0	0	0	1	7,1	7,2	8,1
26.11.2024	10:14:44	1	0	0	0	0	1	7,1	7,2	8,1
26.11.2024	10:14:46	1	0	0	0	0	1	7,1	7,2	8,1
26.11.2024	10:14:47	1	0	0	0	0	1	7,1	7,2	8,1
26.11.2024	10:14:49	1	0	0	0	0	1	7,1	7,2	8,1
26.11.2024	10:14:50	1	0	0	0	0	1	7,1	7,2	8,1
26.11.2024	10:14:51	1	0	0	0	0	1	7,1	7,2	8,1
26.11.2024	10:14:53	1	0	0	0	0	1	7,1	7,2	8,1
26.11.2024	10:14:54	1	0	0	0	0	1	7,1	7,2	8,1
26.11.2024	10:14:55	1	0	0	0	0	1	7,1	7,2	8,1
26.11.2024	10:14:57	1	0	0	0	0	1	7,1	7,2	8,1
26.11.2024	10:14:58	1	0	0	0	0	1	7,1	7,2	8,1
26.11.2024	10:14:59	1	0	0	0	0	1	7,1	7,2	8,1
26.11.2024	10:15:01	1	0	0	0	0	1	7,1	7,2	8,1
26.11.2024	10:15:02	1	0	0	0	0	1	7,1	7,2	8
26.11.2024	10:15:04	1	0	0	0	0	1	7,1	7,2	8,1
26.11.2024	10:15:05	1	0	0	0	0	1	7,1	7,2	8,1
26.11.2024	10:15:06	1	0	0	0	0	1	7,1	7,2	8,1
26.11.2024	10:15:08	1	0	0	0	0	1	7,1	7,2	8
26.11.2024	10:15:09	1	0	0	0	0	1	7,1	7,2	8
26.11.2024	10:15:10	1	0	0	0	0	1	7,1	7,2	8
26.11.2024	10:15:12	1	0	0	0	0	1	7,1	7,2	8,1
26.11.2024	10:15:13	1	0	0	0	0	1	7,1	7,2	8
26.11.2024	10:15:15	1	0	0	0	0	1	7,1	7,2	8
26.11.2024	10:15:16	1	0	0	0	0	1	7,1	7,2	8
26.11.2024	10:15:17	1	0	0	0	0	1	7,1	7,2	8
26.11.2024	10:15:19	1	0	0	0	0	1	7,1	7,2	8
26.11.2024	10:15:20	1	0	0	0	0	1	7,1	7,2	8,1
26.11.2024	10:15:21	1	0	0	0	0	1	7,1	7,2	8
26.11.2024	10:15:23	1	0	0	0	0	1	7,1	7,2	8
26.11.2024	10:15:24	1	0	0	0	0	1	7,1	7,2	8
26.11.2024	10:15:25	1	0	0	0	0	1	7,1	7,2	8
26.11.2024	10:15:27	1	0	0	0	0	1	7,1	7,2	8
26.11.2024	10:15:28	1	0	0	0	0	1	7,1	7,3	8
26.11.2024	10:15:30	1	0	0	0	0	1	7,1	7,3	8
26.11.2024	10:15:31	1	0	0	0	0	1	7,1	7,2	8
26.11.2024	10:15:32	1	0	0	0	0	1	7,1	7,2	8
26.11.2024	10:15:34	1	0	0	0	0	1	7,1	7,2	8
26.11.2024	10:15:35	1	0	0	0	0	1	7,1	7,2	8
26.11.2024	10:15:36	1	0	0	0	0	1	7,1	7,2	8
26.11.2024	10:15:38	1	0	0	0	0	1	7,1	7,2	8
26.11.2024	10:15:39	1	0	0	0	0	1	7,1	7,2	8
26.11.2024	10:15:41	1	0	0	0	0	1	7,1	7,2	8
26.11.2024	10:15:42	1	0	0	0	0	1	7,1	7,2	8
26.11.2024	10:15:43	1	0	0	0	0	1	7,1	7,2	8
26.11.2024	10:15:45	1	0	0	0	0	1	7,1	7,2	8
26.11.2024	10:15:46	1	0	0	0	0	1	7,1	7,2	8
26.11.2024	10:15:47	1	0	0	0	0	1	7,1	7,2	8
26.11.2024	10:15:49	1	0	0	0	0	1	7,1	7,2	8
26.11.2024	10:15:50	1	0	0	0	0	1	7,1	7,2	8
26.11.2024	10:15:51	1	0	0	0	0	1	7,1	7,2	8
26.11.2024	10:15:53	1	0	0	0	0	1	7,1	7,2	8
26.11.2024	10:15:54	1	0	0	0	0	1	7,1	7,2	8
26.11.2024	10:15:55	1	0	0	0	0	1	7,1	7,2	8
26.11.2024	10:15:57	1	0	0	0	0	1	7,1	7,2	8
26.11.2024	10:15:58	1	0	0	0	0	1	7,1	7,2	8
26.11.2024	10:16:00	1	0	0	0	0	1	7,1	7,2	8,2
26.11.2024	10:16:01	1	0	0	0	0	1	7,1	7,2	8
26.11.2024	10:16:02	1	0	0	0	0	1	7,1	7,2	8
26.11.2024	10:16:04	1	0	0	0	0	1	7,1	7,2	8
26.11.2024	10:16:05	1	0	0	0	0	1	7,1	7,2	8
26.11.2024	10:16:07	1	0	0	0	0	1	7,1	7,2	8
26.11.2024	10:16:08	1	0	0	0	0	1	7,1	7,2	8
26.11.2024	10:16:09	1	0	0	0	0	1	7,1	7,2	8
26.11.2024	10:16:10	1	0	0	0	0	1	7,1	7,2	8
26.11.2024	10:16:12	1	0	0	0	0	1	7,1	7,2	8
26.11.2024	10:16:13	1	0	0	0	0	1	7,1	7,2	8
26.11.2024	10:16:15	1	0	0	0	0	1	7,1	7,2	8
26.11.2024	10:16:16	1	0	0	0	0	1	7,1	7,2	8
26.11.2024	10:16:17	1	0	0	0	0	1	7,1	7,2	8
26.11.2024	10:16:19	1	0	0	0	0	1	7,1	7,2	8
26.11.2024	10:16:20	1	0	0	0	0	1	7,1	7,2	8
26.11.2024	10:16:22	1	0	0	0	0	1	7,1	7,2	8
26.11.2024	10:16:23	1	0	0	0	0	1	7,1	7,2	8
26.11.2024	10:16:24	1	0	0	0	0	1	7,1	7,2	8
26.11.2024	10:16:26	1	0	0	0	0	1	7,1	7,2	8
26.11.2024	10:16:27	1	0	0	0	0	1	7,1	7,2	8
26.11.2024	10:16:28	1	0	0	0	0	1	7,1	7,2	8
26.11.2024	10:16:30	1	0	0	0	0	1	7,1	7,2	8
26.11.2024	10:16:31	1	0	0	0	0	1	7,1	7,2	8
26.11.2024	10:16:32	1	0	0	0	0	1	7,1	7,2	8
26.11.2024	10:16:34	1	0	0	0	0	1	7,1	7,2	8
26.11.2024	10:16:35	1	0	0	0	0	1	7,1	7,2	8,1
26.11.2024	10:16:37	1	0	0	0	0	1	7,1	7,2	8
26.11.2024	10:16:38	1	0	0	0	0	1	7,1	7,2	8
26.11.2024	10:16:39	1	0	0	0	0	1	7,1	7,2	8
26.11.2024	10:16:41	1	0	0	0	0	1	7,1	7,2	8
26.11.2024	10:16:42	1	0	0	0	0	1	7,1	7,2	8
26.11.2024	10:16:43	1	0	0	0	0	1	7,1	7,2	8
26.11.2024	10:16:45	1	0	0	0	0	1	7,1	7,2	8
26.11.2024	10:16:46	1	0	0	0	0	1	7,1	7,2	8
26.11.2024	10:16:48	1	0	0	0	0	1	7,1	7,2	8
26.11.2024	10:16:49	1	0	0	0	0	1	7,1	7,2	8
26.11.2024	10:16:50	1	0	0	0	0	1	7,1	7,2	8
26.11.2024	10:16:52	1	0	0	0	0	1	7,1	7,2	8
26.11.2024	10:16:53	1	0	0	0	0	1	7,1	7,2	8
26.11.2024	10:16:54	1	0	0	0	0	1	7,1	7,2	8
26.11.2024	10:16:56	1	0	0	0	0	1	7,1	7,2	8
26.11.2024	10:16:57	1	0	0	0	0	1	7,1	7,2	8
26.11.2024	10:16:59	1	0	0	0	0	1	7,1	7,2	8
26.11.2024	10:17:00	1	0	0	0	0	1	7,1	7,2	8
26.11.2024	10:17:01	1	0	0	0	0	1	7,1	7,2	8
26.11.2024	10:17:03	1	0	0	0	0	1	7,1	7,2	8
26.11.2024	10:17:04	1	0	0	0	0	1	7,1	7,2	8
26.11.2024	10:17:05	1	0	0	0	0	1	7,1	7,2	8
26.11.2024	10:17:07	1	0	0	0	0	1	7,1	7,2	8
26.11.2024	10:17:08	1	0	0	0	0	1	7,1	7,2	8
26.11.2024	10:17:10	1	0	0	0	0	1	7,1	7,2	8
26.11.2024	10:17:11	1	0	0	0	0	1	7,1	7,2	8
26.11.2024	10:17:12	1	0	0	0	0	1	7,1	7,2	8
26.11.2024	10:17:14	1	0	0	0	0	1	7,1	7,2	8
26.11.2024	10:17:15	1	0	0	0	0	1	7,1	7,2	8
26.11.2024	10:17:16	1	0	0	0	0	1	7,1	7,2	8
26.11.2024	10:17:18	1	0	0	0	0	1	7,1	7,2	8
26.11.2024	10:17:19	1	0	0	0	0	1	7,1	7,2	8
26.11.2024	10:17:20	1	0	0	0	0	1	7,1	7,2	8
26.11.2024	10:17:22	1	0	0	0	0	1	7,1	7,2	8
26.11.2024	10:17:23	1	0	0	0	0	1	7,1	7,2	8
26.11.2024	10:17:24	1	0	0	0	0	1	7,1	7,2	8
26.11.2024	10:17:26	1	0	0	0	0	1	7,1	7,2	8
26.11.2024	10:17:27	1	0	0	0	0	1	7,1	7,2	8
26.11.2024	10:17:29	1	0	0	0	0	1	7,1	7,2	8
26.11.2024	10:17:30	1	0	0	0	0	1	7,1	7,2	8
26.11.2024	10:17:31	1	0	0	0	0	1	7,1	7,2	8
26.11.2024	10:17:33	1	0	0	0	0	1	7,1	7,2	8
26.11.2024	10:17:34	1	0	0	0	0	1	7,1	7,2	8
26.11.2024	10:17:36	1	0	0	0	0	1	7,1	7,2	8
26.11.2024	10:17:37	1	0	0	0	0	1	7,1	7,2	8
26.11.2024	10:17:38	1	0	0	0	0	1	7,1	7,2	8
26.11.2024	10:17:40	1	0	0	0	0	1	7,1	7,2	8
26.11.2024	10:17:41	1	0	0	0	0	1	7,1	7,2	8
26.11.2024	10:17:43	1	0	0	0	0	1	7,1	7,2	8
26.11.2024	10:17:44	1	0	0	0	0	1	7,1	7,2	8
26.11.2024	10:17:46	1	0	0	0	0	1	7,1	7,2	8
26.11.2024	10:17:47	1	0	0	0	0	1	7,1	7,2	8
26.11.2024	10:17:48	1	0	0	0	0	1	7,1	7,2	8
26.11.2024	10:17:50	1	0	0	0	0	1	7,1	7,2	8
26.11.2024	10:17:51	1	0	0	0	0	1	7,1	7,2	8
26.11.2024	10:17:52	1	0	0	0	0	1	7,1	7,2	8
26.11.2024	10:17:54	1	0	0	0	0	1	7,1	7,2	8
26.11.2024	10:17:55	1	0	0	0	0	1	7,1	7,2	8
26.11.2024	10:17:57	1	0	0	0	0	1	7,1	7,2	8
26.11.2024	10:17:58	1	0	0	0	0	1	7,1	7,2	8
26.11.2024	10:17:59	1	0	0	0	0	1	7,1	7,2	8
26.11.2024	10:18:01	1	0	0	0	0	1	7,1	7,2	8
26.11.2024	10:18:02	1	0	0	0	0	1	7,1	7,2	8
26.11.2024	10:18:04	1	0	0	0	0	1	7,1	7,2	8
26.11.2024	10:18:05	1	0	0	0	0	1	7,1	7,2	8
26.11.2024	10:18:06	1	0	0	0	0	1	7,1	7,2	7,9
26.11.2024	10:18:08	1	0	0	0	0	1	7,1	7,2	8
26.11.2024	10:18:09	1	0	0	0	0	1	7,1	7,2	8
26.11.2024	10:18:10	1	0	0	0	0	1	7,1	7,2	8
26.11.2024	10:18:12	1	0	0	0	0	1	7,1	7,2	8
26.11.2024	10:18:13	1	0	0	0	0	1	7,1	7,2	7,9
26.11.2024	10:18:15	1	0	0	0	0	1	7,1	7,2	7,9
26.11.2024	10:18:16	1	0	0	0	0	1	7,1	7,2	8
26.11.2024	10:18:17	1	0	0	0	0	1	7,1	7,2	8
26.11.2024	10:18:19	1	0	0	0	0	1	7,1	7,2	8
26.11.2024	10:18:20	1	0	0	0	0	1	7,1	7,2	8
26.11.2024	10:18:22	1	0	0	0	0	1	7,1	7,2	8
26.11.2024	10:18:23	1	0	0	0	0	1	7,1	7,2	7,9
26.11.2024	10:18:24	1	0	0	0	0	1	7,1	7,2	7,9
26.11.2024	10:18:26	1	0	0	0	0	1	7,1	7,2	7,9
26.11.2024	10:18:27	1	0	0	0	0	1	7,1	7,2	8
26.11.2024	10:18:28	1	0	0	0	0	1	7,1	7,2	7,9
26.11.2024	10:18:30	1	0	0	0	0	1	7,1	7,2	7,9
26.11.2024	10:18:31	1	0	0	0	0	1	7,1	7,2	7,9
26.11.2024	10:18:32	1	0	0	0	0	1	7,1	7,2	7,9
26.11.2024	10:18:34	1	0	0	0	0	1	7,1	7,2	7,9
26.11.2024	10:18:35	1	0	0	0	0	1	7,1	7,2	7,9
26.11.2024	10:18:37	1	0	0	0	0	1	7,1	7,2	7,9
26.11.2024	10:18:38	1	0	0	0	0	1	7,1	7,2	7,9
26.11.2024	10:18:39	1	0	0	0	0	1	7,1	7,2	7,9
26.11.2024	10:18:41	1	0	0	0	0	1	7,1	7,2	7,9
26.11.2024	10:18:42	1	0	0	0	0	1	7,1	7,2	7,9
26.11.2024	10:18:43	1	0	0	0	0	1	7,1	7,2	7,9
26.11.2024	10:18:45	1	0	0	0	0	1	7,1	7,2	7,9
26.11.2024	10:18:46	1	0	0	0	0	1	7,1	7,2	7,9
26.11.2024	10:18:47	1	0	0	0	0	1	7,1	7,2	7,9
26.11.2024	10:18:49	1	0	0	0	0	1	7,1	7,2	7,9
26.11.2024	10:18:50	1	0	0	0	0	1	7,1	7,2	7,9
26.11.2024	10:18:51	1	0	0	0	0	1	7,1	7,2	7,9
26.11.2024	10:18:53	1	0	0	0	0	1	7,1	7,2	7,9
26.11.2024	10:18:54	1	0	0	0	0	1	7,1	7,2	7,9
26.11.2024	10:18:56	1	0	0	0	0	1	7,1	7,2	7,9
26.11.2024	10:18:57	1	0	0	0	0	1	7,1	7,2	7,9
26.11.2024	10:18:58	1	0	0	0	0	1	7,1	7,2	7,9
26.11.2024	10:19:00	1	0	0	0	0	1	7,1	7,2	7,9
26.11.2024	10:19:01	1	0	0	0	0	1	7,1	7,2	7,9
26.11.2024	10:19:03	1	0	0	0	0	1	7,1	7,2	7,9
26.11.2024	10:19:04	1	0	0	0	0	1	7,1	7,2	7,9
26.11.2024	10:19:05	1	0	0	0	0	1	7,1	7,2	7,9
26.11.2024	10:19:07	1	0	0	0	0	1	7,1	7,2	7,9
26.11.2024	10:19:08	1	0	0	0	0	1	7,1	7,2	7,9
26.11.2024	10:19:09	1	0	0	0	0	1	7,1	7,2	7,9
26.11.2024	10:19:11	1	0	0	0	0	1	7,1	7,2	7,9
26.11.2024	10:19:12	1	0	0	0	0	1	7,1	7,2	7,9
26.11.2024	10:19:14	1	0	0	0	0	1	7,1	7,2	7,9
26.11.2024	10:19:15	1	0	0	0	0	1	7,1	7,2	7,9
26.11.2024	10:19:16	1	0	0	0	0	1	7,1	7,2	7,9
26.11.2024	10:19:18	1	0	0	0	0	1	7,1	7,2	7,9
26.11.2024	10:19:19	1	0	0	0	0	1	7,1	7,2	7,9
26.11.2024	10:19:21	1	0	0	0	0	1	7,1	7,2	7,9
26.11.2024	10:19:22	1	0	0	0	0	1	7,1	7,2	7,9
26.11.2024	10:19:23	1	0	0	0	0	1	7,1	7,2	7,9
26.11.2024	10:19:25	1	0	0	0	0	1	7,1	7,2	7,9
26.11.2024	10:19:26	1	0	0	0	0	1	7,1	7,2	7,9
26.11.2024	10:19:28	1	0	0	0	0	1	7,1	7,2	7,9
26.11.2024	10:19:29	1	0	0	0	0	1	7,1	7,2	7,9
26.11.2024	10:19:30	1	0	0	0	0	1	7,1	7,2	7,9
26.11.2024	10:19:32	1	0	0	0	0	1	7,1	7,2	7,9
26.11.2024	10:19:33	1	0	0	0	0	1	7,1	7,2	7,9
26.11.2024	10:19:34	1	0	0	0	0	1	7,1	7,2	7,9
26.11.2024	10:19:36	1	0	0	0	0	1	7,1	7,2	7,9
26.11.2024	10:19:37	1	0	0	0	0	1	7,1	7,2	7,9
26.11.2024	10:19:39	1	0	0	0	0	1	7,1	7,2	7,9
26.11.2024	10:19:40	1	0	0	0	0	1	7,1	7,2	7,9
26.11.2024	10:19:41	1	0	0	0	0	1	7,1	7,2	7,9
26.11.2024	10:19:43	1	0	0	0	0	1	7,1	7,2	7,9
26.11.2024	10:19:44	1	0	0	0	0	1	7,1	7,2	7,9
26.11.2024	10:19:45	1	0	0	0	0	1	7,1	7,2	7,9
26.11.2024	10:19:47	1	0	0	0	0	1	7,1	7,2	7,9
26.11.2024	10:19:48	1	0	0	0	0	1	7,1	7,2	7,9
26.11.2024	10:19:50	1	0	0	0	0	1	7,1	7,2	7,9
26.11.2024	10:19:51	1	0	0	0	0	1	7,1	7,2	7,9
26.11.2024	10:19:52	1	0	0	0	0	1	7,1	7,2	7,9
26.11.2024	10:19:54	1	0	0	0	0	1	7,1	7,2	7,9
26.11.2024	10:19:55	1	0	0	0	0	1	7,1	7,2	7,9
26.11.2024	10:19:56	1	0	0	0	0	1	7,1	7,2	7,9
26.11.2024	10:19:58	1	0	0	0	0	1	7,1	7,2	7,9
26.11.2024	10:19:59	1	0	0	0	0	1	7,1	7,2	7,9
26.11.2024	10:20:01	1	0	0	0	0	1	7,1	7,2	7,9
26.11.2024	10:20:02	1	0	0	0	0	1	7,1	7,2	7,9
26.11.2024	10:20:03	1	0	0	0	0	1	7,1	7,2	7,9
26.11.2024	10:20:05	1	0	0	0	0	1	7,1	7,2	7,9
26.11.2024	10:20:06	1	0	0	0	0	1	7,1	7,2	7,9
26.11.2024	10:20:08	1	0	0	0	0	1	7,1	7,2	7,9
26.11.2024	10:20:09	1	0	0	0	0	1	7,1	7,2	7,9
26.11.2024	10:20:10	1	0	0	0	0	1	7,1	7,2	7,9
26.11.2024	10:20:12	1	0	0	0	0	1	7,1	7,2	7,9
26.11.2024	10:20:13	1	0	0	0	0	1	7,1	7,2	7,9
26.11.2024	10:20:14	1	0	0	0	0	1	7,1	7,2	7,9
26.11.2024	10:20:16	1	0	0	0	0	1	7,1	7,2	7,9
26.11.2024	10:20:17	1	0	0	0	0	1	7,1	7,2	7,9
26.11.2024	10:20:18	1	0	0	0	0	1	7,1	7,2	7,9
26.11.2024	10:20:20	1	0	0	0	0	1	7,1	7,2	7,9
26.11.2024	10:20:21	1	0	0	0	0	1	7,1	7,2	7,9
26.11.2024	10:20:22	1	0	0	0	0	1	7,1	7,2	7,9
26.11.2024	10:20:24	1	0	0	0	0	1	7,1	7,2	7,9
26.11.2024	10:20:25	1	0	0	0	0	1	7,1	7,2	7,9
26.11.2024	10:20:26	1	0	0	0	0	1	7,1	7,2	7,9
26.11.2024	10:20:28	1	0	0	0	0	1	7,1	7,2	7,9
26.11.2024	10:20:29	1	0	0	0	0	1	7,1	7,2	7,9
26.11.2024	10:20:31	1	0	0	0	0	1	7,1	7,2	7,9
26.11.2024	10:20:32	1	0	0	0	0	1	7,1	7,2	7,9
26.11.2024	10:20:33	1	0	0	0	0	1	7,1	7,2	7,9
26.11.2024	10:20:35	1	0	0	0	0	1	7,1	7,2	7,9
26.11.2024	10:20:36	1	0	0	0	0	1	7,1	7,2	7,9
26.11.2024	10:20:37	1	0	0	0	0	1	7,1	7,2	7,9
26.11.2024	10:20:39	1	0	0	0	0	1	7,1	7,2	7,9
26.11.2024	10:20:40	1	0	0	0	0	1	7,1	7,2	7,9
26.11.2024	10:20:42	1	0	0	0	0	1	7,1	7,2	7,9
26.11.2024	10:20:43	1	0	0	0	0	1	7,1	7,2	7,9
26.11.2024	10:20:44	1	0	0	0	0	1	7,1	7,2	7,9
26.11.2024	10:20:46	1	0	0	0	0	1	7,1	7,2	7,9
26.11.2024	10:20:47	1	0	0	0	0	1	7,1	7,2	7,9
26.11.2024	10:20:49	1	0	0	0	0	1	7,1	7,2	7,9
26.11.2024	10:20:50	1	0	0	0	0	1	7,1	7,2	7,9
26.11.2024	10:20:51	1	0	0	0	0	1	7,1	7,2	7,9
26.11.2024	10:20:53	1	0	0	0	0	1	7,1	7,2	7,9
26.11.2024	10:20:54	1	0	0	0	0	1	7,1	7,2	7,9
26.11.2024	10:20:56	1	0	0	0	0	1	7,1	7,2	7,9
26.11.2024	10:20:57	1	0	0	0	0	1	7,1	7,2	7,9
26.11.2024	10:20:59	1	0	0	0	0	1	7,1	7,2	7,9
26.11.2024	10:21:00	1	0	0	0	0	1	7,1	7,2	7,9
26.11.2024	10:21:01	1	0	0	0	0	1	7,1	7,2	7,9
26.11.2024	10:21:03	1	0	0	0	0	1	7,1	7,2	7,9
26.11.2024	10:21:04	1	0	0	0	0	1	7,1	7,2	7,9
26.11.2024	10:21:05	1	0	0	0	0	1	7,1	7,2	7,9
26.11.2024	10:21:07	1	0	0	0	0	1	7,1	7,2	7,9
26.11.2024	10:21:08	1	0	0	0	0	1	7,1	7,2	7,9
26.11.2024	10:21:09	1	0	0	0	0	1	7,1	7,2	7,9
26.11.2024	10:21:11	1	0	0	0	0	1	7,1	7,2	7,9
26.11.2024	10:21:12	1	0	0	0	0	1	7,1	7,2	7,9
26.11.2024	10:21:14	1	0	0	0	0	1	7,1	7,2	7,9
26.11.2024	10:21:15	1	0	0	0	0	1	7,1	7,2	7,9
26.11.2024	10:21:16	1	0	0	0	0	1	7,1	7,2	7,9
26.11.2024	10:21:18	1	0	0	0	0	1	7,1	7,2	7,9
26.11.2024	10:21:19	1	0	0	0	0	1	7,1	7,2	7,9
26.11.2024	10:21:20	1	0	0	0	0	1	7,1	7,2	7,9
26.11.2024	10:21:22	1	0	0	0	0	1	7,1	7,2	7,9
26.11.2024	10:21:23	1	0	0	0	0	1	7,1	7,2	7,9
26.11.2024	10:21:25	1	0	0	0	0	1	7,1	7,2	7,9
26.11.2024	10:21:26	1	0	0	0	0	1	7,1	7,2	7,9
26.11.2024	10:21:27	1	0	0	0	0	1	7,1	7,2	7,9
26.11.2024	10:21:29	1	0	0	0	0	1	7,1	7,2	7,9
26.11.2024	10:21:30	1	0	0	0	0	1	7,1	7,2	7,9
26.11.2024	10:21:31	1	0	0	0	0	1	7,1	7,2	7,9
26.11.2024	10:21:33	1	0	0	0	0	1	7,1	7,2	7,9
26.11.2024	10:21:34	1	0	0	0	0	1	7,1	7,2	7,9
26.11.2024	10:21:35	1	0	0	0	0	1	7,1	7,2	7,9
26.11.2024	10:21:37	1	0	0	0	0	1	7,1	7,2	7,9
26.11.2024	10:21:38	1	0	0	0	0	1	7,1	7,2	7,9
26.11.2024	10:21:40	1	0	0	0	0	1	7,1	7,2	7,9
26.11.2024	10:21:41	1	0	0	0	0	1	7,1	7,2	7,9
26.11.2024	10:21:42	1	0	0	0	0	1	7,1	7,2	7,9
26.11.2024	10:21:44	1	0	0	0	0	1	7,1	7,2	7,9
26.11.2024	10:21:45	1	0	0	0	0	1	7,1	7,2	7,9
26.11.2024	10:21:46	1	0	0	0	0	1	7,1	7,2	7,9
26.11.2024	10:21:48	1	0	0	0	0	1	7,1	7,2	7,9
26.11.2024	10:21:49	1	0	0	0	0	1	7,1	7,2	7,9
26.11.2024	10:21:51	1	0	0	0	0	1	7,1	7,2	7,9
26.11.2024	10:21:52	1	0	0	0	0	1	7,1	7,2	7,9
26.11.2024	10:21:53	1	0	0	0	0	1	7,1	7,2	7,9
26.11.2024	10:21:55	1	0	0	0	0	1	7,1	7,2	7,9
26.11.2024	10:21:56	1	0	0	0	0	1	7,1	7,2	7,9
26.11.2024	10:21:57	1	0	0	0	0	1	7,1	7,2	7,9
26.11.2024	10:21:59	1	0	0	0	0	1	7,1	7,2	7,9
26.11.2024	10:22:00	1	0	0	0	0	1	7,1	7,2	7,9
26.11.2024	10:22:02	1	0	0	0	0	1	7,1	7,2	7,9
26.11.2024	10:22:03	1	0	0	0	0	1	7,1	7,2	7,9
26.11.2024	10:22:04	1	0	0	0	0	1	7,1	7,2	7,9
26.11.2024	10:22:06	1	0	0	0	0	1	7,1	7,2	7,9
26.11.2024	10:22:07	1	0	0	0	0	1	7,1	7,2	7,9
26.11.2024	10:22:09	1	0	0	0	0	1	7,1	7,2	7,9
26.11.2024	10:22:10	1	0	0	0	0	1	7,1	7,2	7,9
26.11.2024	10:22:11	1	0	0	0	0	1	7,1	7,2	7,9
26.11.2024	10:22:13	1	0	0	0	0	1	7,1	7,2	7,9
26.11.2024	10:22:14	1	0	0	0	0	1	7,1	7,2	7,9
26.11.2024	10:22:15	1	0	0	0	0	1	7,1	7,2	7,9
26.11.2024	10:22:17	1	0	0	0	0	1	7,1	7,2	7,9
26.11.2024	10:22:18	1	0	0	0	0	1	7,1	7,2	7,9
26.11.2024	10:22:20	1	0	0	0	0	1	7,1	7,2	7,9
26.11.2024	10:22:21	1	0	0	0	0	1	7,1	7,2	7,9
26.11.2024	10:22:22	1	0	0	0	0	1	7,1	7,2	7,9
26.11.2024	10:22:24	1	0	0	0	0	1	7,1	7,2	7,9
26.11.2024	10:22:25	1	0	0	0	0	1	7,1	7,2	7,8
26.11.2024	10:22:26	1	0	0	0	0	1	7,1	7,2	7,9
26.11.2024	10:22:28	1	0	0	0	0	1	7,1	7,2	7,9
26.11.2024	10:22:29	1	0	0	0	0	1	7,1	7,2	7,8
26.11.2024	10:22:30	1	0	0	0	0	1	7,1	7,2	7,9
26.11.2024	10:22:32	1	0	0	0	0	1	7,1	7,2	7,8
26.11.2024	10:22:33	1	0	0	0	0	1	7,1	7,2	7,8
26.11.2024	10:22:35	1	0	0	0	0	1	7,1	7,2	7,9
26.11.2024	10:22:36	1	0	0	0	0	1	7,1	7,2	7,8
26.11.2024	10:22:37	1	0	0	0	0	1	7,1	7,2	7,9
26.11.2024	10:22:39	1	0	0	0	0	1	7,1	7,2	7,8
26.11.2024	10:22:40	1	0	0	0	0	1	7,1	7,2	7,8
26.11.2024	10:22:41	1	0	0	0	0	1	7,1	7,2	7,8
26.11.2024	10:22:43	1	0	0	0	0	1	7,1	7,2	7,8
26.11.2024	10:22:44	1	0	0	0	0	1	7,1	7,2	7,8
26.11.2024	10:22:46	1	0	0	0	0	1	7,1	7,2	7,8
26.11.2024	10:22:47	1	0	0	0	0	1	7,1	7,2	7,8
26.11.2024	10:22:48	1	0	0	0	0	1	7,1	7,2	7,8
26.11.2024	10:22:50	1	0	0	0	0	1	7,1	7,2	7,8
26.11.2024	10:22:51	1	0	0	0	0	1	7,1	7,2	7,8
26.11.2024	10:22:52	1	0	0	0	0	1	7,1	7,2	7,8
26.11.2024	10:22:54	1	0	0	0	0	1	7,1	7,2	7,8
26.11.2024	10:22:55	1	0	0	0	0	1	7,1	7,2	7,8
26.11.2024	10:22:57	1	0	0	0	0	1	7,1	7,2	7,8
26.11.2024	10:22:58	1	0	0	0	0	1	7,1	7,2	7,8
26.11.2024	10:22:59	1	0	0	0	0	1	7,1	7,2	7,8
26.11.2024	10:23:01	1	0	0	0	0	1	7,1	7,2	7,8
26.11.2024	10:23:02	1	0	0	0	0	1	7,1	7,2	7,8
26.11.2024	10:23:04	1	0	0	0	0	1	7,1	7,2	7,8
26.11.2024	10:23:05	1	0	0	0	0	1	7,1	7,2	7,8
26.11.2024	10:23:06	1	0	0	0	0	1	7,1	7,2	7,8
26.11.2024	10:23:08	1	0	0	0	0	1	7,1	7,2	7,8
26.11.2024	10:23:09	1	0	0	0	0	1	7,1	7,2	7,8
26.11.2024	10:23:10	1	0	0	0	0	1	7,1	7,2	7,8
26.11.2024	10:23:12	1	0	0	0	0	1	7,1	7,2	7,8
26.11.2024	10:23:13	1	0	0	0	0	1	7,1	7,2	7,8
26.11.2024	10:23:15	1	0	0	0	0	1	7,1	7,2	7,8
26.11.2024	10:23:16	1	0	0	0	0	1	7,1	7,2	7,8
26.11.2024	10:23:17	1	0	0	0	0	1	7,1	7,2	7,8
26.11.2024	10:23:19	1	0	0	0	0	1	7,1	7,2	7,8
26.11.2024	10:23:20	1	0	0	0	0	1	7,1	7,2	7,8
26.11.2024	10:23:21	1	0	0	0	0	1	7,1	7,2	7,8
26.11.2024	10:23:23	1	0	0	0	0	1	7,1	7,2	7,8
26.11.2024	10:23:24	1	0	0	0	0	1	7,1	7,2	7,8
26.11.2024	10:23:25	1	0	0	0	0	1	7,1	7,2	7,8
26.11.2024	10:23:27	1	0	0	0	0	1	7,1	7,2	7,8
26.11.2024	10:23:28	1	0	0	0	0	1	7,1	7,2	7,8
26.11.2024	10:23:30	1	0	0	0	0	1	7,1	7,2	7,8
26.11.2024	10:23:31	1	0	0	0	0	1	7,1	7,2	7,8
26.11.2024	10:23:32	1	0	0	0	0	1	7,1	7,2	7,8
26.11.2024	10:23:34	1	0	0	0	0	1	7,1	7,2	7,8
26.11.2024	10:23:35	1	0	0	0	0	1	7,1	7,2	7,8
26.11.2024	10:23:37	1	0	0	0	0	1	7,1	7,2	7,8
26.11.2024	10:23:38	1	0	0	0	0	1	7,1	7,2	7,8
26.11.2024	10:23:39	1	0	0	0	0	1	7,1	7,2	7,8
26.11.2024	10:23:41	1	0	0	0	0	1	7,1	7,2	7,8
26.11.2024	10:23:42	1	0	0	0	0	1	7,1	7,2	7,8
26.11.2024	10:23:43	1	0	0	0	0	1	7,1	7,2	7,8
26.11.2024	10:23:45	1	0	0	0	0	1	7,1	7,2	7,8
26.11.2024	10:23:46	1	0	0	0	0	1	7,1	7,2	7,8
26.11.2024	10:23:48	1	0	0	0	0	1	7,1	7,2	7,8
26.11.2024	10:23:49	1	0	0	0	0	1	7,1	7,2	7,8
26.11.2024	10:23:51	1	0	0	0	0	1	7,1	7,2	7,8
26.11.2024	10:23:52	1	0	0	0	0	1	7,1	7,2	7,8
26.11.2024	10:23:53	1	0	0	0	0	1	7,1	7,2	7,8
26.11.2024	10:23:55	1	0	0	0	0	1	7,1	7,2	7,8
26.11.2024	10:23:56	1	0	0	0	0	1	7,1	7,2	7,8
26.11.2024	10:23:57	1	0	0	0	0	1	7,1	7,2	7,8
26.11.2024	10:23:59	1	0	0	0	0	1	7,1	7,2	7,8
26.11.2024	10:24:00	1	0	0	0	0	1	7,1	7,2	7,8
26.11.2024	10:24:02	1	0	0	0	0	1	7,1	7,2	7,8
26.11.2024	10:24:03	1	0	0	0	0	1	7,1	7,2	7,8
26.11.2024	10:24:04	1	0	0	0	0	1	7,1	7,2	7,8
26.11.2024	10:24:06	1	0	0	0	0	1	7,1	7,2	7,8
26.11.2024	10:24:07	1	0	0	0	0	1	7,1	7,2	7,8
26.11.2024	10:24:09	1	0	0	0	0	1	7,1	7,2	7,8
26.11.2024	10:24:10	1	0	0	0	0	1	7,1	7,2	7,8
26.11.2024	10:24:11	1	0	0	0	0	1	7,1	7,2	7,8
26.11.2024	10:24:13	1	0	0	0	0	1	7,1	7,2	7,8
26.11.2024	10:24:14	1	0	0	0	0	1	7,1	7,2	7,8
26.11.2024	10:24:15	1	0	0	0	0	1	7,1	7,2	7,8
26.11.2024	10:24:17	1	0	0	0	0	1	7,1	7,2	7,8
26.11.2024	10:24:18	1	0	0	0	0	1	7,1	7,2	7,8
26.11.2024	10:24:19	1	0	0	0	0	1	7,1	7,2	7,8
26.11.2024	10:24:21	1	0	0	0	0	1	7,1	7,2	7,8
26.11.2024	10:24:22	1	0	0	0	0	1	7,1	7,2	7,8
26.11.2024	10:24:24	1	0	0	0	0	1	7,1	7,2	7,8
26.11.2024	10:24:25	1	0	0	0	0	1	7,1	7,2	7,8
26.11.2024	10:24:26	1	0	0	0	0	1	7,1	7,2	7,8
26.11.2024	10:24:28	1	0	0	0	0	1	7,1	7,2	7,8
26.11.2024	10:24:29	1	0	0	0	0	1	7,1	7,2	7,8
26.11.2024	10:24:31	1	0	0	0	0	1	7,1	7,2	7,8
26.11.2024	10:24:32	1	0	0	0	0	1	7,1	7,2	7,8
26.11.2024	10:24:33	1	0	0	0	0	1	7,1	7,2	7,8
26.11.2024	10:24:35	1	0	0	0	0	1	7,1	7,2	7,8
26.11.2024	10:24:36	1	0	0	0	0	1	7,1	7,2	7,8
26.11.2024	10:24:37	1	0	0	0	0	1	7,1	7,2	7,8
26.11.2024	10:24:39	1	0	0	0	0	1	7,1	7,2	7,8
26.11.2024	10:24:40	1	0	0	0	0	1	7,1	7,2	7,8
26.11.2024	10:24:42	1	0	0	0	0	1	7,1	7,2	7,8
26.11.2024	10:24:43	1	0	0	0	0	1	7,1	7,2	7,8
26.11.2024	10:24:44	1	0	0	0	0	1	7,1	7,2	7,8
26.11.2024	10:24:46	1	0	0	0	0	1	7,1	7,2	7,8
26.11.2024	10:24:47	1	0	0	0	0	1	7,1	7,2	7,8
26.11.2024	10:24:49	1	0	0	0	0	1	7,1	7,2	7,8
26.11.2024	10:24:50	1	0	0	0	0	1	7,1	7,2	7,8
26.11.2024	10:24:51	1	0	0	0	0	1	7,1	7,2	7,8
26.11.2024	10:24:53	1	0	0	0	0	1	7,1	7,2	7,8
26.11.2024	10:24:54	1	0	0	0	0	1	7,1	7,2	7,8
26.11.2024	10:24:55	1	0	0	0	0	1	7,1	7,2	7,8
26.11.2024	10:24:57	1	0	0	0	0	1	7,1	7,2	7,8
26.11.2024	10:24:58	1	0	0	0	0	1	7,1	7,2	7,8
26.11.2024	10:25:00	1	0	0	0	0	1	7,1	7,2	7,8
26.11.2024	10:25:01	1	0	0	0	0	1	7,1	7,2	7,8
26.11.2024	10:25:02	1	0	0	0	0	1	7,1	7,2	7,8
26.11.2024	10:25:04	1	0	0	0	0	1	7,1	7,2	7,8
26.11.2024	10:25:05	1	0	0	0	0	1	7,1	7,2	7,8
26.11.2024	10:25:06	1	0	0	0	0	1	7,1	7,2	7,8
26.11.2024	10:25:08	1	0	0	0	0	1	7,1	7,2	7,8
26.11.2024	10:25:09	1	0	0	0	0	1	7,1	7,2	7,8
26.11.2024	10:25:11	1	0	0	0	0	1	7,1	7,2	7,8
26.11.2024	10:25:12	1	0	0	0	0	1	7,1	7,2	7,8
26.11.2024	10:25:13	1	0	0	0	0	1	7,1	7,2	7,8
26.11.2024	10:25:15	1	0	0	0	0	1	7,1	7,2	7,8
26.11.2024	10:25:16	1	0	0	0	0	1	7,1	7,2	7,8
26.11.2024	10:25:18	1	0	0	0	0	1	7,1	7,2	7,8
26.11.2024	10:25:19	1	0	0	0	0	1	7,1	7,2	7,8
26.11.2024	10:25:20	1	0	0	0	0	1	7,1	7,2	7,8
26.11.2024	10:25:22	1	0	0	0	0	1	7,1	7,2	7,8
26.11.2024	10:25:23	1	0	0	0	0	1	7,1	7,2	7,8
26.11.2024	10:25:24	1	0	0	0	0	1	7,1	7,2	7,8
26.11.2024	10:25:26	1	0	0	0	0	1	7,1	7,2	7,8
26.11.2024	10:25:27	1	0	0	0	0	1	7,1	7,2	7,8
26.11.2024	10:25:29	1	0	0	0	0	1	7,1	7,2	7,8
26.11.2024	10:25:30	1	0	0	0	0	1	7,1	7,2	7,8
26.11.2024	10:25:31	1	0	0	0	0	1	7,1	7,2	7,8
26.11.2024	10:25:33	1	0	0	0	0	1	7,1	7,2	7,8
26.11.2024	10:25:34	1	0	0	0	0	1	7,1	7,2	7,8
26.11.2024	10:25:35	1	0	0	0	0	1	7,1	7,2	7,8
26.11.2024	10:25:37	1	0	0	0	0	1	7,1	7,2	7,8
26.11.2024	10:25:38	1	0	0	0	0	1	7,1	7,2	7,8
26.11.2024	10:25:40	1	0	0	0	0	1	7,1	7,2	7,8
26.11.2024	10:25:41	1	0	0	0	0	1	7,1	7,2	7,8
26.11.2024	10:25:42	1	0	0	0	0	1	7,1	7,2	7,8
26.11.2024	10:25:44	1	0	0	0	0	1	7,1	7,2	7,8
26.11.2024	10:25:45	1	0	0	0	0	1	7,1	7,2	7,8
26.11.2024	10:25:46	1	0	0	0	0	1	7,1	7,2	7,8
26.11.2024	10:25:48	1	0	0	0	0	1	7,1	7,2	7,8
26.11.2024	10:25:49	1	0	0	0	0	1	7,1	7,2	7,8
26.11.2024	10:25:51	1	0	0	0	0	1	7,1	7,2	7,8
26.11.2024	10:25:52	1	0	0	0	0	1	7,1	7,2	7,8
26.11.2024	10:25:53	1	0	0	0	0	1	7,1	7,2	7,8
26.11.2024	10:25:55	1	0	0	0	0	1	7,1	7,2	7,8
26.11.2024	10:25:56	1	0	0	0	0	1	7,1	7,2	7,8
26.11.2024	10:25:57	1	0	0	0	0	1	7,1	7,2	7,8
26.11.2024	10:25:59	1	0	0	0	0	1	7,1	7,2	7,8
26.11.2024	10:26:00	1	0	0	0	0	1	7,1	7,2	7,8
26.11.2024	10:26:02	1	0	0	0	0	1	7,1	7,2	7,8
26.11.2024	10:26:03	1	0	0	0	0	1	7,1	7,2	7,8
26.11.2024	10:26:04	1	0	0	0	0	1	7,1	7,2	7,8
26.11.2024	10:26:06	1	0	0	0	0	1	7,1	7,2	7,8
26.11.2024	10:26:07	1	0	0	0	0	1	7,1	7,2	7,8
26.11.2024	10:26:08	1	0	0	0	0	1	7,1	7,2	7,8
26.11.2024	10:26:10	1	0	0	0	0	1	7,1	7,2	7,8
26.11.2024	10:26:11	1	0	0	0	0	1	7,1	7,2	7,8
26.11.2024	10:26:13	1	0	0	0	0	1	7,1	7,2	7,8
26.11.2024	10:26:14	1	0	0	0	0	1	7,1	7,2	7,8
26.11.2024	10:26:15	1	0	0	0	0	1	7,1	7,2	7,8
26.11.2024	10:26:17	1	0	0	0	0	1	7,1	7,2	7,8
26.11.2024	10:26:18	1	0	0	0	0	1	7,1	7,2	7,8
26.11.2024	10:26:19	1	0	0	0	0	1	7,1	7,2	7,8
26.11.2024	10:26:21	1	0	0	0	0	1	7,1	7,2	7,8
26.11.2024	10:26:22	1	0	0	0	0	1	7,1	7,2	7,8
26.11.2024	10:26:23	1	0	0	0	0	1	7,1	7,2	7,8
26.11.2024	10:26:25	1	0	0	0	0	1	7,1	7,2	7,8
26.11.2024	10:26:26	1	0	0	0	0	1	7,1	7,2	7,8
26.11.2024	10:26:28	1	0	0	0	0	1	7,1	7,2	7,8
26.11.2024	10:26:29	1	0	0	0	0	1	7,1	7,2	7,8
26.11.2024	10:26:30	1	0	0	0	0	1	7,1	7,2	7,8
26.11.2024	10:26:32	1	0	0	0	0	1	7,1	7,2	7,8
26.11.2024	10:26:33	1	0	0	0	0	1	7,1	7,2	7,8
26.11.2024	10:26:34	1	0	0	0	0	1	7,1	7,2	7,8
26.11.2024	10:26:36	1	0	0	0	0	1	7,1	7,2	7,8
26.11.2024	10:26:37	1	0	0	0	0	1	7,1	7,2	7,8
26.11.2024	10:26:39	1	0	0	0	0	1	7,1	7,2	7,8
26.11.2024	10:26:40	1	0	0	0	0	1	7,1	7,2	7,8
26.11.2024	10:26:41	1	0	0	0	0	1	7,1	7,2	7,8
26.11.2024	10:26:43	1	0	0	0	0	1	7,1	7,2	7,8
26.11.2024	10:26:44	1	0	0	0	0	1	7,1	7,2	7,8
26.11.2024	10:26:46	1	0	0	0	0	1	7,1	7,2	7,8
26.11.2024	10:26:47	1	0	0	0	0	1	7,1	7,2	7,8
26.11.2024	10:26:48	1	0	0	0	0	1	7,1	7,2	7,8
26.11.2024	10:26:50	1	0	0	0	0	1	7,1	7,2	7,8
26.11.2024	10:26:51	1	0	0	0	0	1	7,1	7,2	7,8
26.11.2024	10:26:52	1	0	0	0	0	1	7,1	7,2	7,8
26.11.2024	10:26:54	1	0	0	0	0	1	7,1	7,2	7,8
26.11.2024	10:26:55	1	0	0	0	0	1	7,1	7,2	7,8
26.11.2024	10:26:57	1	0	0	0	0	1	7,1	7,2	7,8
26.11.2024	10:26:58	1	0	0	0	0	1	7,1	7,2	7,8
26.11.2024	10:26:59	1	0	0	0	0	1	7,1	7,2	7,8
26.11.2024	10:27:01	1	0	0	0	0	1	7,1	7,2	7,8
26.11.2024	10:27:02	1	0	0	0	0	1	7,1	7,2	7,8
26.11.2024	10:27:03	1	0	0	0	0	1	7,1	7,2	7,8
26.11.2024	10:27:05	1	0	0	0	0	1	7,1	7,2	7,8
26.11.2024	10:27:06	1	0	0	0	0	1	7,1	7,2	7,8
26.11.2024	10:27:08	1	0	0	0	0	1	7,1	7,2	7,8
26.11.2024	10:27:09	1	0	0	0	0	1	7,1	7,2	7,8
26.11.2024	10:27:10	1	0	0	0	0	1	7,1	7,2	7,8
26.11.2024	10:27:12	1	0	0	0	0	1	7,1	7,2	7,8
26.11.2024	10:27:13	1	0	0	0	0	1	7,1	7,2	7,8
26.11.2024	10:27:14	1	0	0	0	0	1	7,1	7,2	7,8
26.11.2024	10:27:16	1	0	0	0	0	1	7,1	7,2	7,8
26.11.2024	10:27:17	1	0	0	0	0	1	7,1	7,2	7,8
26.11.2024	10:27:19	1	0	0	0	0	1	7,1	7,2	7,8
26.11.2024	10:27:20	1	0	0	0	0	1	7,1	7,2	7,8
26.11.2024	10:27:21	1	0	0	0	0	1	7,1	7,2	7,8
26.11.2024	10:27:23	1	0	0	0	0	1	7,1	7,2	7,8
26.11.2024	10:27:24	1	0	0	0	0	1	7,1	7,2	7,8
26.11.2024	10:27:25	1	0	0	0	0	1	7,1	7,2	7,8
26.11.2024	10:27:27	1	0	0	0	0	1	7,1	7,2	7,8
26.11.2024	10:27:28	1	0	0	0	0	1	7,1	7,2	7,8
26.11.2024	10:27:29	1	0	0	0	0	1	7,1	7,2	7,8
26.11.2024	10:27:31	1	0	0	0	0	1	7,1	7,2	7,8
26.11.2024	10:27:32	1	0	0	0	0	1	7,1	7,2	7,8
26.11.2024	10:27:33	1	0	0	0	0	1	7,1	7,2	7,8
26.11.2024	10:27:35	1	0	0	0	0	1	7,1	7,2	7,8
26.11.2024	10:27:36	1	0	0	0	0	1	7,1	7,2	7,8
26.11.2024	10:27:38	1	0	0	0	0	1	7,1	7,2	7,8
26.11.2024	10:27:39	1	0	0	0	0	1	7,1	7,2	7,8
26.11.2024	10:27:40	1	0	0	0	0	1	7,1	7,2	7,8
26.11.2024	10:27:42	1	0	0	0	0	1	7,1	7,2	7,8
26.11.2024	10:27:43	1	0	0	0	0	1	7,1	7,2	7,8
26.11.2024	10:27:44	1	0	0	0	0	1	7,1	7,2	7,8
26.11.2024	10:27:46	1	0	0	0	0	1	7,1	7,2	7,8
26.11.2024	10:27:47	1	0	0	0	0	1	7,1	7,2	7,8
26.11.2024	10:27:49	1	0	0	0	0	1	7,1	7,2	7,8
26.11.2024	10:27:50	1	0	0	0	0	1	7,1	7,2	7,8
26.11.2024	10:27:51	1	0	0	0	0	1	7,1	7,2	7,8
26.11.2024	10:27:53	1	0	0	0	0	1	7,1	7,2	7,8
26.11.2024	10:27:54	1	0	0	0	0	1	7,1	7,2	7,8
26.11.2024	10:27:56	1	0	0	0	0	1	7,1	7,2	7,8
26.11.2024	10:27:57	1	0	0	0	0	1	7,1	7,2	7,8
26.11.2024	10:27:58	1	0	0	0	0	1	7,1	7,2	7,8
26.11.2024	10:28:00	1	0	0	0	0	1	7,1	7,2	7,8
26.11.2024	10:28:01	1	0	0	0	0	1	7,1	7,2	7,8
26.11.2024	10:28:03	1	0	0	0	0	1	7,1	7,2	7,8
26.11.2024	10:28:04	1	0	0	0	0	1	7,1	7,2	7,8
26.11.2024	10:28:05	1	0	0	0	0	1	7,1	7,2	7,7
26.11.2024	10:28:07	1	0	0	0	0	1	7,1	7,2	7,8
26.11.2024	10:28:08	1	0	0	0	0	1	7,1	7,2	7,8
26.11.2024	10:28:09	1	0	0	0	0	1	7,1	7,2	7,7
26.11.2024	10:28:11	1	0	0	0	0	1	7,1	7,2	7,7
26.11.2024	10:28:12	1	0	0	0	0	1	7,1	7,2	7,8
26.11.2024	10:28:14	1	0	0	0	0	1	7,1	7,2	7,7
26.11.2024	10:28:15	1	0	0	0	0	1	7,1	7,2	7,8
26.11.2024	10:28:16	1	0	0	0	0	1	7,1	7,2	7,8
26.11.2024	10:28:18	1	0	0	0	0	1	7,1	7,2	7,8
26.11.2024	10:28:19	1	0	0	0	0	1	7,1	7,2	7,7
26.11.2024	10:28:20	1	0	0	0	0	1	7,1	7,2	7,7
26.11.2024	10:28:22	1	0	0	0	0	1	7,1	7,2	7,7
26.11.2024	10:28:23	1	0	0	0	0	1	7,1	7,2	7,8
26.11.2024	10:28:24	1	0	0	0	0	1	7,1	7,2	7,8
26.11.2024	10:28:26	1	0	0	0	0	1	7,1	7,2	7,7
26.11.2024	10:28:27	1	0	0	0	0	1	7,1	7,2	7,7
26.11.2024	10:28:29	1	0	0	0	0	1	7,1	7,2	7,7
26.11.2024	10:28:30	1	0	0	0	0	1	7,1	7,2	7,7
26.11.2024	10:28:31	1	0	0	0	0	1	7,1	7,2	7,7
26.11.2024	10:28:33	1	0	0	0	0	1	7,1	7,2	7,7
26.11.2024	10:28:34	1	0	0	0	0	1	7,1	7,2	7,7
26.11.2024	10:28:36	1	0	0	0	0	1	7,1	7,2	7,8
26.11.2024	10:28:37	1	0	0	0	0	1	7,1	7,2	7,8
26.11.2024	10:28:38	1	0	0	0	0	1	7,1	7,2	7,7
26.11.2024	10:28:40	1	0	0	0	0	1	7,1	7,2	7,7
26.11.2024	10:28:41	1	0	0	0	0	1	7,1	7,2	7,7
26.11.2024	10:28:42	1	0	0	0	0	1	7,1	7,2	7,7
26.11.2024	10:28:44	1	0	0	0	0	1	7,1	7,2	7,7
26.11.2024	10:28:45	1	0	0	0	0	1	7,1	7,2	7,7
26.11.2024	10:28:47	1	0	0	0	0	1	7,1	7,2	7,7
26.11.2024	10:28:48	1	0	0	0	0	1	7,1	7,2	7,7
26.11.2024	10:28:49	1	0	0	0	0	1	7,1	7,2	7,7
26.11.2024	10:28:51	1	0	0	0	0	1	7,1	7,2	7,7
26.11.2024	10:28:52	1	0	0	0	0	1	7,1	7,2	7,7
26.11.2024	10:28:53	1	0	0	0	0	1	7,1	7,2	7,7
26.11.2024	10:28:55	1	0	0	0	0	1	7,1	7,2	7,7
26.11.2024	10:28:56	1	0	0	0	0	1	7,1	7,2	7,7
26.11.2024	10:28:58	1	0	0	0	0	1	7,1	7,2	7,7
26.11.2024	10:28:59	1	0	0	0	0	1	7,1	7,2	7,7
26.11.2024	10:29:00	1	0	0	0	0	1	7,1	7,2	7,7
26.11.2024	10:29:02	1	0	0	0	0	1	7,1	7,2	7,7
26.11.2024	10:29:03	1	0	0	0	0	1	7,1	7,2	7,7
26.11.2024	10:29:04	1	0	0	0	0	1	7,1	7,2	7,7
26.11.2024	10:29:06	1	0	0	0	0	1	7,1	7,2	7,7
26.11.2024	10:29:07	1	0	0	0	0	1	7,1	7,2	7,7
26.11.2024	10:29:09	1	0	0	0	0	1	7,1	7,2	7,7
26.11.2024	10:29:10	1	0	0	0	0	1	7,1	7,2	7,7
26.11.2024	10:29:11	1	0	0	0	0	1	7,1	7,2	7,7
26.11.2024	10:29:13	1	0	0	0	0	1	7,1	7,2	7,7
26.11.2024	10:29:14	1	0	0	0	0	1	7,1	7,2	7,7
26.11.2024	10:29:15	1	0	0	0	0	1	7,1	7,2	7,7
26.11.2024	10:29:17	1	0	0	0	0	1	7,1	7,2	7,7
26.11.2024	10:29:18	1	0	0	0	0	1	7,1	7,2	7,7
26.11.2024	10:29:19	1	0	0	0	0	1	7,1	7,2	7,7
26.11.2024	10:29:21	1	0	0	0	0	1	7,1	7,2	7,8
26.11.2024	10:29:22	1	0	0	0	0	1	7,1	7,2	7,7
26.11.2024	10:29:24	1	0	0	0	0	1	7,1	7,2	7,7
26.11.2024	10:29:25	1	0	0	0	0	1	7,1	7,2	7,7
26.11.2024	10:29:27	1	0	0	0	0	1	7,1	7,2	7,7
26.11.2024	10:29:28	1	0	0	0	0	1	7,1	7,2	7,7
26.11.2024	10:29:29	1	0	0	0	0	1	7,1	7,2	7,7
26.11.2024	10:29:31	1	0	0	0	0	1	7,1	7,2	7,7
26.11.2024	10:29:32	1	0	0	0	0	1	7,1	7,2	7,7
26.11.2024	10:29:33	1	0	0	0	0	1	7,1	7,2	7,7
26.11.2024	10:29:35	1	0	0	0	0	1	7,1	7,2	7,7
26.11.2024	10:29:36	1	0	0	0	0	1	7,1	7,2	7,7
26.11.2024	10:29:38	1	0	0	0	0	1	7,1	7,2	7,7
26.11.2024	10:29:39	1	0	0	0	0	1	7,1	7,2	7,7
26.11.2024	10:29:41	1	0	0	0	0	1	7,1	7,2	7,7
26.11.2024	10:29:42	1	0	0	0	0	1	7,1	7,2	7,7
26.11.2024	10:29:43	1	0	0	0	0	1	7,1	7,2	7,7
26.11.2024	10:29:45	1	0	0	0	0	1	7,1	7,2	7,7
26.11.2024	10:29:46	1	0	0	0	0	1	7,1	7,2	7,7
26.11.2024	10:29:47	1	0	0	0	0	1	7,1	7,2	7,7
26.11.2024	10:29:49	1	0	0	0	0	1	7,1	7,2	7,7
26.11.2024	10:29:50	1	0	0	0	0	1	7,1	7,2	7,7
26.11.2024	10:29:52	1	0	0	0	0	1	7,1	7,2	7,7
26.11.2024	10:29:53	1	0	0	0	0	1	7,1	7,2	7,7
26.11.2024	10:29:54	1	0	0	0	0	1	7,1	7,2	7,7
26.11.2024	10:29:56	1	0	0	0	0	1	7,1	7,2	7,7
26.11.2024	10:29:57	1	0	0	0	0	1	7,1	7,2	7,8
26.11.2024	10:29:59	1	0	0	0	0	1	7,1	7,2	7,7
26.11.2024	10:30:00	1	0	0	0	0	1	7,1	7,2	7,7
26.11.2024	10:30:01	1	0	0	0	0	1	7,1	7,2	7,7
26.11.2024	10:30:03	1	0	0	0	0	1	7,1	7,2	7,7
26.11.2024	10:30:04	1	0	0	0	0	1	7,1	7,2	7,8
26.11.2024	10:30:05	1	0	0	0	0	1	7,1	7,2	7,7
26.11.2024	10:30:07	1	0	0	0	0	1	7,1	7,2	7,7
26.11.2024	10:30:08	1	0	0	0	0	1	7,1	7,2	7,7
26.11.2024	10:30:10	1	0	0	0	0	1	7,1	7,2	7,7
26.11.2024	10:30:11	1	0	0	0	0	1	7,1	7,2	7,7
26.11.2024	10:30:12	1	0	0	0	0	1	7,1	7,2	7,7
26.11.2024	10:30:14	1	0	0	0	0	1	7,1	7,2	7,7
26.11.2024	10:30:15	1	0	0	0	0	1	7,1	7,2	7,7
26.11.2024	10:30:16	1	0	0	0	0	1	7,1	7,2	7,7
26.11.2024	10:30:18	1	0	0	0	0	1	7,1	7,2	7,7
26.11.2024	10:30:19	1	0	0	0	0	1	7,1	7,2	7,7
26.11.2024	10:30:21	1	0	0	0	0	1	7,1	7,2	7,7
26.11.2024	10:30:22	1	0	0	0	0	1	7,1	7,2	7,7
26.11.2024	10:30:23	1	0	0	0	0	1	7,1	7,2	7,7
26.11.2024	10:30:25	1	0	0	0	0	1	7,1	7,2	7,7
26.11.2024	10:30:26	1	0	0	0	0	1	7,1	7,2	7,7
26.11.2024	10:30:28	1	0	0	0	0	1	7,1	7,2	7,7
26.11.2024	10:30:29	1	0	0	0	0	1	7,1	7,2	7,7
26.11.2024	10:30:30	1	0	0	0	0	1	7,1	7,2	7,7
26.11.2024	10:30:32	1	0	0	0	0	1	7,1	7,2	7,7
26.11.2024	10:30:33	1	0	0	0	0	1	7,1	7,2	7,7
26.11.2024	10:30:34	1	0	0	0	0	1	7,1	7,2	7,7
26.11.2024	10:30:36	1	0	0	0	0	1	7,1	7,2	7,7
26.11.2024	10:30:37	1	0	0	0	0	1	7,1	7,2	7,7
26.11.2024	10:30:39	1	0	0	0	0	1	7,1	7,2	7,7
26.11.2024	10:30:40	1	0	0	0	0	1	7,1	7,2	7,7
26.11.2024	10:30:41	1	0	0	0	0	1	7,1	7,2	7,8
26.11.2024	10:30:43	1	0	0	0	0	1	7,1	7,2	7,7
26.11.2024	10:30:44	1	0	0	0	0	1	7,1	7,2	7,7
26.11.2024	10:30:45	1	0	0	0	0	1	7,1	7,2	7,7
26.11.2024	10:30:47	1	0	0	0	0	1	7,1	7,2	7,7
26.11.2024	10:30:48	1	0	0	0	0	1	7,1	7,2	7,7
26.11.2024	10:30:49	1	0	0	0	0	1	7,1	7,2	7,7
26.11.2024	10:30:51	1	0	0	0	0	1	7,1	7,2	7,7
26.11.2024	10:30:52	1	0	0	0	0	1	7,1	7,2	7,7
26.11.2024	10:30:53	1	0	0	0	0	1	7,1	7,2	7,7
26.11.2024	10:30:55	1	0	0	0	0	1	7,1	7,2	7,7
26.11.2024	10:30:56	1	0	0	0	0	1	7,1	7,2	7,7
26.11.2024	10:30:58	1	0	0	0	0	1	7,1	7,2	7,7
26.11.2024	10:30:59	1	0	0	0	0	1	7,1	7,2	7,7
26.11.2024	10:31:00	1	0	0	0	0	1	7,1	7,2	7,7
26.11.2024	10:31:02	1	0	0	0	0	1	7,1	7,2	7,7
26.11.2024	10:31:03	1	0	0	0	0	1	7,1	7,2	7,7
26.11.2024	10:31:05	1	0	0	0	0	1	7,1	7,2	7,7
26.11.2024	10:31:06	1	0	0	0	0	1	7,1	7,2	7,7
26.11.2024	10:31:07	1	0	0	0	0	1	7,1	7,2	7,7
26.11.2024	10:31:09	1	0	0	0	0	1	7,1	7,2	7,7
26.11.2024	10:31:10	1	0	0	0	0	1	7,1	7,2	7,7
26.11.2024	10:31:12	1	0	0	0	0	1	7,1	7,2	7,7
26.11.2024	10:31:13	1	0	0	0	0	1	7,1	7,2	7,7
26.11.2024	10:31:14	1	0	0	0	0	1	7,1	7,2	7,7
26.11.2024	10:31:16	1	0	0	0	0	1	7,1	7,2	7,7
26.11.2024	10:31:17	1	0	0	0	0	1	7,1	7,2	7,7
26.11.2024	10:31:19	1	0	0	0	0	1	7,1	7,2	7,7
26.11.2024	10:31:20	1	0	0	0	0	1	7,1	7,2	7,7
26.11.2024	10:31:21	1	0	0	0	0	1	7,1	7,2	7,7
26.11.2024	10:31:23	1	0	0	0	0	1	7,1	7,2	7,7
26.11.2024	10:31:24	1	0	0	0	0	1	7,1	7,2	7,7
26.11.2024	10:31:25	1	0	0	0	0	1	7,1	7,2	7,7
26.11.2024	10:31:27	1	0	0	0	0	1	7,1	7,2	7,7
26.11.2024	10:31:28	1	0	0	0	0	1	7,1	7,2	7,7
26.11.2024	10:31:30	1	0	0	0	0	1	7,1	7,2	7,7
26.11.2024	10:31:31	1	0	0	0	0	1	7,1	7,2	7,7
26.11.2024	10:31:32	1	0	0	0	0	1	7,1	7,2	7,7
26.11.2024	10:31:34	1	0	0	0	0	1	7,1	7,2	7,7
26.11.2024	10:31:35	1	0	0	0	0	1	7,1	7,2	7,7
26.11.2024	10:31:36	1	0	0	0	0	1	7,1	7,2	7,7
26.11.2024	10:31:38	1	0	0	0	0	1	7,1	7,2	7,7
26.11.2024	10:31:39	1	0	0	0	0	1	7,1	7,2	7,7
26.11.2024	10:31:41	1	0	0	0	0	1	7,1	7,2	7,7
26.11.2024	10:31:42	1	0	0	0	0	1	7,1	7,2	7,7
26.11.2024	10:31:43	1	0	0	0	0	1	7,1	7,2	7,7
26.11.2024	10:31:45	1	0	0	0	0	1	7,1	7,2	7,7
26.11.2024	10:31:46	1	0	0	0	0	1	7,1	7,2	7,7
26.11.2024	10:31:47	1	0	0	0	0	1	7,1	7,2	7,7
26.11.2024	10:31:49	1	0	0	0	0	1	7,1	7,2	7,7
26.11.2024	10:31:50	1	0	0	0	0	1	7,1	7,2	7,7
26.11.2024	10:31:52	1	0	0	0	0	1	7,1	7,2	7,7
26.11.2024	10:31:53	1	0	0	0	0	1	7,1	7,2	7,7
26.11.2024	10:31:54	1	0	0	0	0	1	7,1	7,2	7,7
26.11.2024	10:31:56	1	0	0	0	0	1	7,1	7,2	7,7
26.11.2024	10:31:57	1	0	0	0	0	1	7,1	7,2	7,7
26.11.2024	10:31:58	1	0	0	0	0	1	7,1	7,2	7,7
26.11.2024	10:32:00	1	0	0	0	0	1	7,1	7,2	7,7
26.11.2024	10:32:01	1	0	0	0	0	1	7,1	7,2	7,7
26.11.2024	10:32:03	1	0	0	0	0	1	7,1	7,2	7,7
26.11.2024	10:32:04	1	0	0	0	0	1	7,1	7,2	7,7
26.11.2024	10:32:05	1	0	0	0	0	1	7,1	7,2	7,7
26.11.2024	10:32:07	1	0	0	0	0	1	7,1	7,2	7,7
26.11.2024	10:32:08	1	0	0	0	0	1	7,1	7,2	7,7
26.11.2024	10:32:10	1	0	0	0	0	1	7,1	7,2	7,7
26.11.2024	10:32:11	1	0	0	0	0	1	7,1	7,2	7,7
26.11.2024	10:32:12	1	0	0	0	0	1	7,1	7,2	7,7
26.11.2024	10:32:14	1	0	0	0	0	1	7,1	7,2	7,7
26.11.2024	10:32:15	1	0	0	0	0	1	7,1	7,2	7,7
26.11.2024	10:32:16	1	0	0	0	0	1	7,1	7,2	7,7
26.11.2024	10:32:18	1	0	0	0	0	1	7,1	7,2	7,7
26.11.2024	10:32:19	1	0	0	0	0	1	7,1	7,2	7,7
26.11.2024	10:32:20	1	0	0	0	0	1	7,1	7,2	7,7
26.11.2024	10:32:22	1	0	0	0	0	1	7,1	7,2	7,7
26.11.2024	10:32:23	1	0	0	0	0	1	7,1	7,2	7,7
26.11.2024	10:32:25	1	0	0	0	0	1	7,1	7,2	7,7
26.11.2024	10:32:26	1	0	0	0	0	1	7,1	7,2	7,7
26.11.2024	10:32:28	1	0	0	0	0	1	7,1	7,2	7,7
26.11.2024	10:32:29	1	0	0	0	0	1	7,1	7,2	7,7
26.11.2024	10:32:31	1	0	0	0	0	1	7,1	7,2	7,7
26.11.2024	10:32:32	1	0	0	0	0	1	7,1	7,2	7,7
26.11.2024	10:32:34	1	0	0	0	0	1	7,1	7,2	7,7
26.11.2024	10:32:35	1	0	0	0	0	1	7,1	7,2	7,7
26.11.2024	10:32:36	1	0	0	0	0	1	7,1	7,2	7,7
26.11.2024	10:32:38	1	0	0	0	0	1	7,1	7,2	7,7
26.11.2024	10:32:39	1	0	0	0	0	1	7,1	7,2	7,7
26.11.2024	10:32:40	1	0	0	0	0	1	7,1	7,2	7,7
26.11.2024	10:32:42	1	0	0	0	0	1	7,1	7,2	7,7
26.11.2024	10:32:43	1	0	0	0	0	1	7,1	7,2	7,7
26.11.2024	10:32:44	1	0	0	0	0	1	7,1	7,2	7,7
26.11.2024	10:32:46	1	0	0	0	0	1	7,1	7,2	7,7
26.11.2024	10:32:47	1	0	0	0	0	1	7,1	7,2	7,7
26.11.2024	10:32:49	1	0	0	0	0	1	7,1	7,2	7,7
26.11.2024	10:32:50	1	0	0	0	0	1	7,1	7,2	7,7
26.11.2024	10:32:51	1	0	0	0	0	1	7,1	7,2	7,7
26.11.2024	10:32:53	1	0	0	0	0	1	7,1	7,2	7,7
26.11.2024	10:32:54	1	0	0	0	0	1	7,1	7,2	7,7
26.11.2024	10:32:55	1	0	0	0	0	1	7,1	7,2	7,7
26.11.2024	10:32:57	1	0	0	0	0	1	7,1	7,2	7,7
26.11.2024	10:32:58	1	0	0	0	0	1	7,1	7,2	7,7
26.11.2024	10:32:59	1	0	0	0	0	1	7,1	7,2	7,7
26.11.2024	10:33:01	1	0	0	0	0	1	7,1	7,2	7,7
26.11.2024	10:33:02	1	0	0	0	0	1	7,1	7,2	7,7
26.11.2024	10:33:04	1	0	0	0	0	1	7,1	7,2	7,7
26.11.2024	10:33:05	1	0	0	0	0	1	7,1	7,2	7,7
26.11.2024	10:33:06	1	0	0	0	0	1	7,1	7,2	7,7
26.11.2024	10:33:08	1	0	0	0	0	1	7,1	7,2	7,7
26.11.2024	10:33:09	1	0	0	0	0	1	7,1	7,2	7,7
26.11.2024	10:33:11	1	0	0	0	0	1	7,1	7,2	7,7
26.11.2024	10:33:12	1	0	0	0	0	1	7,1	7,2	7,7
26.11.2024	10:33:13	1	0	0	0	0	1	7,1	7,2	7,7
26.11.2024	10:33:15	1	0	0	0	0	1	7,1	7,2	7,7
26.11.2024	10:33:16	1	0	0	0	0	1	7,1	7,2	7,7
26.11.2024	10:33:17	1	0	0	0	0	1	7,1	7,2	7,7
26.11.2024	10:33:19	1	0	0	0	0	1	7,1	7,2	7,7
26.11.2024	10:33:20	1	0	0	0	0	1	7,1	7,2	7,7
26.11.2024	10:33:21	1	0	0	0	0	1	7,1	7,2	7,7
26.11.2024	10:33:23	1	0	0	0	0	1	7,1	7,2	7,7
26.11.2024	10:33:24	1	0	0	0	0	1	7,1	7,2	7,7
26.11.2024	10:33:26	1	0	0	0	0	1	7,1	7,2	7,7
26.11.2024	10:33:27	1	0	0	0	0	1	7,1	7,2	7,7
26.11.2024	10:33:28	1	0	0	0	0	1	7,1	7,2	7,7
26.11.2024	10:33:30	1	0	0	0	0	1	7,1	7,2	7,7
26.11.2024	10:33:31	1	0	0	0	0	1	7,1	7,2	7,7
26.11.2024	10:33:32	1	0	0	0	0	1	7,1	7,2	7,7
26.11.2024	10:33:34	1	0	0	0	0	1	7,1	7,2	7,7
26.11.2024	10:33:35	1	0	0	0	0	1	7,1	7,2	7,7
26.11.2024	10:33:37	1	0	0	0	0	1	7,1	7,2	7,7
26.11.2024	10:33:38	1	0	0	0	0	1	7,1	7,2	7,7
26.11.2024	10:33:39	1	0	0	0	0	1	7,1	7,2	7,7
26.11.2024	10:33:41	1	0	0	0	0	1	7,1	7,2	7,7
26.11.2024	10:33:42	1	0	0	0	0	1	7,1	7,2	7,7
26.11.2024	10:33:44	1	0	0	0	0	1	7,1	7,2	7,7
26.11.2024	10:33:45	1	0	0	0	0	1	7,1	7,2	7,7
26.11.2024	10:33:46	1	0	0	0	0	1	7,1	7,2	7,7
26.11.2024	10:33:48	1	0	0	0	0	1	7,1	7,2	7,7
26.11.2024	10:33:49	1	0	0	0	0	1	7,1	7,2	7,7
26.11.2024	10:33:51	1	0	0	0	0	1	7,1	7,2	7,7
26.11.2024	10:33:52	1	0	0	0	0	1	7,1	7,2	7,7
26.11.2024	10:33:53	1	0	0	0	0	1	7,1	7,2	7,7
26.11.2024	10:33:55	1	0	0	0	0	1	7,1	7,2	7,7
26.11.2024	10:33:56	1	0	0	0	0	1	7,1	7,2	7,7
26.11.2024	10:33:57	1	0	0	0	0	1	7,1	7,2	7,7
26.11.2024	10:33:59	1	0	0	0	0	1	7,1	7,2	7,7
26.11.2024	10:34:00	1	0	0	0	0	1	7,1	7,2	7,7
26.11.2024	10:34:02	1	0	0	0	0	1	7,1	7,2	7,7
26.11.2024	10:34:03	1	0	0	0	0	1	7,1	7,2	7,7
26.11.2024	10:34:04	1	0	0	0	0	1	7,1	7,2	7,7
26.11.2024	10:34:06	1	0	0	0	0	1	7,1	7,2	7,6
26.11.2024	10:34:07	1	0	0	0	0	1	7,1	7,2	7,6
26.11.2024	10:34:08	1	0	0	0	0	1	7,1	7,2	7,7
26.11.2024	10:34:10	1	0	0	0	0	1	7,1	7,2	7,6
26.11.2024	10:34:11	1	0	0	0	0	1	7,1	7,2	7,6
26.11.2024	10:34:13	1	0	0	0	0	1	7,1	7,2	7,7
26.11.2024	10:34:14	1	0	0	0	0	1	7,1	7,2	7,6
26.11.2024	10:34:15	1	0	0	0	0	1	7,1	7,2	7,6
26.11.2024	10:34:17	1	0	0	0	0	1	7,1	7,2	7,6
26.11.2024	10:34:18	1	0	0	0	0	1	7,1	7,2	7,7
26.11.2024	10:34:20	1	0	0	0	0	1	7,1	7,2	7,7
26.11.2024	10:34:21	1	0	0	0	0	1	7,1	7,2	7,7
26.11.2024	10:34:22	1	0	0	0	0	1	7,1	7,2	7,6
26.11.2024	10:34:24	1	0	0	0	0	1	7,1	7,2	7,7
26.11.2024	10:34:25	1	0	0	0	0	1	7,1	7,2	7,7
26.11.2024	10:34:27	1	0	0	0	0	1	7,1	7,1	7,6
26.11.2024	10:34:28	1	0	0	0	0	1	7,1	7,1	7,6
26.11.2024	10:34:29	1	0	0	0	0	1	7,1	7,2	7,6
26.11.2024	10:34:31	1	0	0	0	0	1	7,1	7,2	7,6
26.11.2024	10:34:32	1	0	0	0	0	1	7,1	7,2	7,6
26.11.2024	10:34:33	1	0	0	0	0	1	7,1	7,2	7,6
26.11.2024	10:34:35	1	0	0	0	0	1	7,1	7,2	7,7
26.11.2024	10:34:36	1	0	0	0	0	1	7,1	7,2	7,6
26.11.2024	10:34:38	1	0	0	0	0	1	7,1	7,2	7,6
26.11.2024	10:34:39	1	0	0	0	0	1	7,1	7,2	7,6
26.11.2024	10:34:40	1	0	0	0	0	1	7,1	7,2	7,6
26.11.2024	10:34:42	1	0	0	0	0	1	7,1	7,2	7,6
26.11.2024	10:34:43	1	0	0	0	0	1	7,1	7,2	7,6
26.11.2024	10:34:44	1	0	0	0	0	1	7,1	7,2	7,6
26.11.2024	10:34:46	1	0	0	0	0	1	7,1	7,2	7,6
26.11.2024	10:34:47	1	0	0	0	0	1	7,1	7,2	7,6
26.11.2024	10:34:49	1	0	0	0	0	1	7,1	7,2	7,6
26.11.2024	10:34:50	1	0	0	0	0	1	7,1	7,2	7,6
26.11.2024	10:34:51	1	0	0	0	0	1	7,1	7,2	7,6
26.11.2024	10:34:53	1	0	0	0	0	1	7,1	7,2	7,6
26.11.2024	10:34:54	1	0	0	0	0	1	7,1	7,2	7,6
26.11.2024	10:34:55	1	0	0	0	0	1	7,1	7,2	7,6
26.11.2024	10:34:57	1	0	0	0	0	1	7,1	7,2	7,6
26.11.2024	10:34:58	1	0	0	0	0	1	7,1	7,2	7,6
26.11.2024	10:35:00	1	0	0	0	0	1	7,1	7,2	7,6
26.11.2024	10:35:01	1	0	0	0	0	1	7,1	7,2	7,6
26.11.2024	10:35:02	1	0	0	0	0	1	7,1	7,2	7,6
26.11.2024	10:35:04	1	0	0	0	0	1	7,1	7,2	7,6
26.11.2024	10:35:05	1	0	0	0	0	1	7,1	7,2	7,6
26.11.2024	10:35:06	1	0	0	0	0	1	7,1	7,2	7,6
26.11.2024	10:35:08	1	0	0	0	0	1	7,1	7,2	7,6
26.11.2024	10:35:09	1	0	0	0	0	1	7,1	7,2	7,6
26.11.2024	10:35:11	1	0	0	0	0	1	7,1	7,2	7,6
26.11.2024	10:35:12	1	0	0	0	0	1	7,1	7,2	7,6
26.11.2024	10:35:13	1	0	0	0	0	1	7,1	7,2	7,6
26.11.2024	10:35:15	1	0	0	0	0	1	7,1	7,2	7,6
26.11.2024	10:35:16	1	0	0	0	0	1	7,1	7,2	7,6
26.11.2024	10:35:17	1	0	0	0	0	1	7,1	7,2	7,6
26.11.2024	10:35:19	1	0	0	0	0	1	7,1	7,2	7,6
26.11.2024	10:35:21	1	0	0	0	0	1	7,1	7,2	7,6
26.11.2024	10:35:22	1	0	0	0	0	1	7,1	7,2	7,6
26.11.2024	10:35:23	1	0	0	0	0	1	7,1	7,2	7,6
26.11.2024	10:35:25	1	0	0	0	0	1	7,1	7,2	7,6
26.11.2024	10:35:26	1	0	0	0	0	1	7,1	7,2	7,6
26.11.2024	10:35:27	1	0	0	0	0	1	7,1	7,2	7,6
26.11.2024	10:35:29	1	0	0	0	0	1	7,1	7,2	7,6
26.11.2024	10:35:30	1	0	0	0	0	1	7,1	7,2	7,6
26.11.2024	10:35:32	1	0	0	0	0	1	7,1	7,2	7,6
26.11.2024	10:35:33	1	0	0	0	0	1	7,1	7,2	7,6
26.11.2024	10:35:34	1	0	0	0	0	1	7,1	7,2	7,7
26.11.2024	10:35:36	1	0	0	0	0	1	7,1	7,1	7,6
26.11.2024	10:35:37	1	0	0	0	0	1	7,1	7,2	7,6
26.11.2024	10:35:39	1	0	0	0	0	1	7,1	7,2	7,6
-----------------------------------										
26.11.2024	20:08:55	3	0	1	0	0	1	4,8	3,9	4,2
26.11.2024	20:11:07	1	0	1	0	0	1	7,1	3,9	4,2
26.11.2024	20:11:07	1	0	0	0	0	1	7,1	3,9	4,2
26.11.2024	21:16:03	3	0	1	0	0	1	4,4	3,4	3,7
26.11.2024	21:18:27	1	0	1	0	0	1	7,1	3,3	3,7
26.11.2024	21:18:28	1	0	0	0	0	1	7,1	3,3	3,7
-----------------------------------										
29.11.2024	23:03:18	3	0	1	0	0	1	4,2	3,9	4,4
29.11.2024	23:05:40	1	0	1	0	0	1	7,1	3,9	4,4
29.11.2024	23:05:41	1	0	0	0	0	1	7,1	3,9	4,4
29.11.2024	23:48:16	3	0	1	0	0	1	4,9	3,9	4,2
29.11.2024	23:50:16	1	0	1	0	0	1	7,1	3,9	4,2
29.11.2024	23:50:17	1	0	0	0	0	1	7,1	3,9	4,2
30.11.2024	01:50:51	3	0	1	0	0	1	4,4	3,7	4
30.11.2024	01:53:07	1	0	1	0	0	1	7,1	3,7	4
30.11.2024	01:53:08	1	0	0	0	0	1	7,1	3,7	4
30.11.2024	02:17:50	3	0	1	0	0	1	5,6	3,7	3,9
30.11.2024	02:19:31	1	0	1	0	0	1	7,1	3,7	3,9
30.11.2024	02:19:32	1	0	0	0	0	1	7,1	3,7	3,9
30.11.2024	02:52:59	3	0	1	0	0	1	5,6	3,6	3,8
30.11.2024	02:54:44	1	0	1	0	0	1	7,1	3,6	3,8
30.11.2024	02:54:45	1	0	0	0	0	1	7,1	3,6	3,8
30.11.2024	04:17:32	3	0	1	0	0	1	4,9	3,5	3,8
30.11.2024	04:19:41	1	0	1	0	0	1	7,1	3,5	3,8
30.11.2024	04:19:42	1	0	0	0	0	1	7,1	3,5	3,8
30.11.2024	04:37:39	3	0	1	0	0	1	6,3	3,5	3,8
30.11.2024	04:39:04	1	0	1	0	0	1	7,1	3,5	3,8
30.11.2024	04:39:05	1	0	0	0	0	1	7,1	3,5	3,9
30.11.2024	05:25:18	3	0	1	0	0	1	5,5	3,4	3,8
30.11.2024	05:27:10	1	0	1	0	0	1	7,1	3,4	3,8
30.11.2024	05:27:11	1	0	0	0	0	1	7,1	3,4	3,8
30.11.2024	06:19:50	3	0	1	0	0	1	5,3	3,6	3,7
30.11.2024	06:21:51	1	0	1	0	0	1	7,1	3,6	3,7
30.11.2024	06:21:52	1	0	0	0	0	1	7,1	3,6	3,7
30.11.2024	08:21:52	1	0	0	0	0	1	4,9	3,7	4
-----------------------------------										
03.12.2024	22:27:39	3	0	1	0	0	1	3	2	1,7
03.12.2024	22:30:58	1	0	1	0	0	1	7,1	2	1,7
03.12.2024	22:30:59	1	0	0	0	0	1	7,1	2	1,7
03.12.2024	22:35:02	1	2	0	1	0	1	7,1	1,9	1,7
03.12.2024	22:56:20	3	2	1	1	0	1	3,9	1,5	1,4
03.12.2024	22:59:01	1	2	1	1	0	1	7,1	1,5	1,4
03.12.2024	22:59:02	1	2	0	1	0	1	7,1	1,5	1,5
03.12.2024	23:28:32	3	2	1	1	0	1	3,9	1,3	1,5
03.12.2024	23:31:13	1	2	1	1	0	1	7,1	1,3	1,4
03.12.2024	23:31:14	1	2	0	1	0	1	7,1	1,3	1,4
03.12.2024	23:45:23	3	2	1	1	0	1	5,3	1,3	1,4
03.12.2024	23:47:23	1	2	1	1	0	1	7,1	1,4	1,6
03.12.2024	23:47:24	1	2	0	1	0	1	7,1	1,4	1,6
04.12.2024	00:34:17	3	2	1	1	0	1	4,1	2,1	3
04.12.2024	00:36:53	1	2	1	1	0	1	7,1	2,1	3
04.12.2024	00:36:53	1	2	0	1	0	1	7,1	2,1	3
04.12.2024	01:40:47	3	2	1	1	0	1	3,9	2,8	2,9
04.12.2024	01:43:21	1	2	1	1	0	1	7,1	2,8	2,9
04.12.2024	01:43:22	1	2	0	1	0	1	7,1	2,8	2,9
04.12.2024	02:24:10	3	2	1	1	0	1	4,6	2,9	3,2
04.12.2024	02:26:27	1	2	1	1	0	1	7,1	2,9	3,2
04.12.2024	02:26:27	1	2	0	1	0	1	7,1	2,9	3,2
04.12.2024	03:31:12	3	2	1	1	0	1	4,5	3,3	3,7
04.12.2024	03:33:30	1	2	1	1	0	1	7,1	3,3	3,7
04.12.2024	03:33:31	1	2	0	1	0	1	7,1	3,3	3,7
04.12.2024	05:07:48	3	2	1	1	0	1	4,3	3,7	3,9
04.12.2024	05:10:16	1	2	1	1	0	1	7,1	3,8	4
04.12.2024	05:10:17	1	2	0	1	0	1	7,1	3,8	4
04.12.2024	06:46:17	3	2	1	1	0	1	4,4	3,9	4,1
04.12.2024	06:48:40	1	2	1	1	0	1	7,1	4	4,1
04.12.2024	06:48:41	1	2	0	1	0	1	7,1	4	4,1
-----------------------------------										
04.12.2024	16:13:37	3	0	1	0	0	1	4,9	3,9	1,8
04.12.2024	16:15:56	1	0	1	0	0	1	7,1	3,8	1,7
04.12.2024	16:15:57	1	0	0	0	0	1	7,1	3,8	1,7
-----------------------------------										
05.12.2024	01:39:26	3	2	1	1	0	1	0,3	0	0,3
05.12.2024	01:44:21	1	2	1	1	0	1	7,1	0	0,4
05.12.2024	01:44:21	1	2	0	1	0	1	7,1	0	0,4
05.12.2024	02:01:49	3	2	1	1	0	1	3,9	0,2	0,6
05.12.2024	02:04:49	1	2	1	1	0	1	7,1	0,3	0,5
05.12.2024	02:04:50	1	2	0	1	0	1	7,1	0,3	0,5
05.12.2024	02:22:20	3	2	1	1	0	1	4,6	0,4	0,6
05.12.2024	02:25:05	1	2	1	1	0	1	7,1	0,4	0,6
05.12.2024	02:25:06	1	2	0	1	0	1	7,1	0,4	0,6
05.12.2024	03:02:58	3	2	1	1	0	1	3,5	0,5	1,2
05.12.2024	03:06:10	1	2	1	1	0	1	7,1	0,5	1,2
05.12.2024	03:06:11	1	2	0	1	0	1	7,1	0,5	1,2
05.12.2024	06:58:08	3	2	1	1	0	1	2,2	1,7	2,5
05.12.2024	07:01:58	1	2	1	1	0	1	7,1	1,8	2,6
05.12.2024	07:01:59	1	2	0	1	0	1	7,1	1,8	2,6
-----------------------------------										
06.12.2024	09:57:45	3	2	1	1	0	1	2	2	2,1
06.12.2024	10:01:37	1	2	1	1	0	1	7,1	2	1,9
06.12.2024	10:01:38	1	2	0	1	0	1	7,1	2	1,9
06.12.2024	10:17:56	3	2	1	1	0	1	3,9	1,9	1,1
06.12.2024	10:20:46	1	2	1	1	0	1	7,1	1,8	1
06.12.2024	10:20:47	1	2	0	1	0	1	7,1	1,8	1
06.12.2024	10:40:47	3	2	1	1	0	1	3,9	1,6	0,6
06.12.2024	10:43:32	1	2	1	1	0	1	7,1	1,6	0,5
06.12.2024	10:43:32	1	2	0	1	0	1	7,1	1,6	0,5
06.12.2024	11:05:06	3	2	1	1	0	1	3,9	1,4	0,3
06.12.2024	11:07:50	1	2	1	1	0	1	7,1	1,4	0,3
06.12.2024	11:07:51	1	2	0	1	0	1	7,1	1,4	0,3
06.12.2024	11:32:13	3	2	1	1	0	1	3,9	1,3	0,5
06.12.2024	11:34:58	1	2	1	1	0	1	7,1	1,3	0,5
06.12.2024	11:34:59	1	2	0	1	0	1	7,1	1,3	0,5
06.12.2024	12:00:36	3	2	1	1	0	1	3,9	1,3	0,9
06.12.2024	12:03:16	1	2	1	1	0	1	7,1	1,3	0,9
06.12.2024	12:03:17	1	2	0	1	0	1	7,1	1,3	0,9
06.12.2024	12:24:59	3	2	1	1	0	1	3,9	1,3	1,2
06.12.2024	12:27:37	1	2	1	1	0	1	7,1	1,3	1,2
06.12.2024	12:27:38	1	2	0	1	0	1	7,1	1,3	1,2
06.12.2024	12:51:51	3	2	1	1	0	1	3,9	1,4	1,2
06.12.2024	12:54:29	1	2	1	1	0	1	7,1	1,4	1,2
06.12.2024	12:54:30	1	2	0	1	0	1	7,1	1,4	1,2
06.12.2024	13:20:59	3	2	1	1	0	1	3,9	1,5	1,2
06.12.2024	13:23:40	1	2	1	1	0	1	7,1	1,5	1,2
06.12.2024	13:23:41	1	2	0	1	0	1	7,1	1,5	1,2
06.12.2024	13:47:48	3	2	1	1	0	1	3,9	1,6	1,4
06.12.2024	13:50:26	1	2	1	1	0	1	7,1	1,6	1,5
06.12.2024	13:50:27	1	2	0	1	0	1	7,1	1,6	1,5
06.12.2024	16:51:45	3	2	1	1	0	1	2,8	2,3	2,6
06.12.2024	16:54:57	1	2	1	1	0	1	7,1	2,4	2,6
06.12.2024	16:54:58	1	2	0	1	0	1	7,1	2,4	2,6
06.12.2024	17:27:39	3	2	1	1	0	1	3,9	2,4	2,7
06.12.2024	17:30:17	1	2	1	1	0	1	7,1	2,5	2,7
06.12.2024	17:30:18	1	2	0	1	0	1	7,1	2,5	2,7
06.12.2024	18:15:10	3	2	1	1	0	1	3,9	2,6	2,9
06.12.2024	18:17:46	1	2	1	1	0	1	7,1	2,6	2,9
06.12.2024	18:17:47	1	2	0	1	0	1	7,1	2,6	3
06.12.2024	19:18:54	3	2	1	1	0	1	3,9	2,8	3,3
06.12.2024	19:21:28	1	2	1	1	0	1	7,1	2,8	3,4
06.12.2024	19:21:29	1	2	0	1	0	1	7,1	2,8	3,4
06.12.2024	20:50:14	3	2	1	1	0	1	3,9	2,9	3,4
06.12.2024	20:52:48	1	2	1	1	0	1	7,1	2,9	3,3
06.12.2024	20:52:49	1	2	0	1	0	1	7,1	2,9	3,3
06.12.2024	22:52:38	3	2	1	1	0	1	3,9	3,2	3,9
06.12.2024	22:55:09	1	2	1	1	0	1	7,1	3,2	3,9
06.12.2024	22:55:10	1	2	0	1	0	1	7,1	3,2	3,9
07.12.2024	00:55:10	1	2	0	1	0	1	4,1	3,3	4
07.12.2024	01:25:48	3	2	1	1	0	1	3,9	3,3	4,1
07.12.2024	01:28:19	1	2	1	1	0	1	7,1	3,3	4,1
07.12.2024	01:28:20	1	2	0	1	0	1	7,1	3,3	4,1
07.12.2024	01:44:28	3	2	1	1	0	1	5,8	3,3	4,1
07.12.2024	01:46:03	1	2	1	1	0	1	7,1	3,3	4,1
07.12.2024	01:46:04	1	2	0	1	0	1	7,1	3,3	4,1
07.12.2024	02:42:23	3	2	1	1	0	1	4,7	3,4	4,1
07.12.2024	02:44:31	1	2	1	1	0	1	7,1	3,4	4,1
07.12.2024	02:44:32	1	2	0	1	0	1	7,1	3,4	4,1
07.12.2024	04:02:41	3	2	1	1	0	1	4,6	3,6	4,3
07.12.2024	04:04:55	1	2	1	1	0	1	7,1	3,7	4,3
07.12.2024	04:04:56	1	2	0	1	0	1	7,1	3,7	4,3
07.12.2024	06:04:56	1	2	0	1	0	1	4	3,2	3,5
07.12.2024	06:05:54	3	2	1	1	0	1	3,9	3,2	3,6
07.12.2024	06:08:27	1	2	1	1	0	1	7,1	3,2	3,5
07.12.2024	06:08:27	1	2	0	1	0	1	7,1	3,2	3,5
07.12.2024	07:32:21	3	2	1	1	0	1	3,9	3,1	4
07.12.2024	07:34:54	1	2	1	1	0	1	7,1	3,2	4
07.12.2024	07:34:54	1	2	0	1	0	1	7,1	3,2	4
07.12.2024	09:06:34	1	0	0	0	0	1	4,6	4,1	4,8
-----------------------------------										
09.12.2024	09:11:23	3	2	1	1	0	1	2,3	2,2	2,4
09.12.2024	09:15:24	1	2	1	1	0	1	7,1	2,2	2,4
09.12.2024	09:15:25	1	2	0	1	0	1	7,1	2,2	2,5
09.12.2024	11:03:32	3	2	1	1	0	1	3,5	3,3	3,1
09.12.2024	11:06:45	1	2	1	1	0	1	7,1	3,3	3,2
09.12.2024	11:06:46	1	2	0	1	0	1	7,1	3,3	3,2
09.12.2024	13:02:02	1	0	0	0	0	1	4,2	4,1	3,7
09.12.2024	14:49:12	3	0	1	0	0	1	4,1	3,9	3,6
09.12.2024	14:51:56	1	0	1	0	0	1	7,1	3,8	3,7
09.12.2024	14:51:57	1	0	0	0	0	1	7,1	3,8	3,7
09.12.2024	15:48:30	3	0	1	0	0	1	3,9	3,4	3,2
09.12.2024	16:00:02	3	0	1	0	0	1	4,6	3,3	3,2
09.12.2024	16:02:27	1	0	1	0	0	1	7,1	3,3	3,3
09.12.2024	16:02:27	1	0	0	0	0	1	7,1	3,3	3,3
09.12.2024	16:42:15	3	0	1	0	0	1	3,9	3,1	2,9
09.12.2024	16:44:53	1	0	1	0	0	1	7,1	3,1	2,9
09.12.2024	16:44:54	1	0	0	0	0	1	7,1	3,1	2,9
09.12.2024	17:16:24	3	0	1	0	0	1	3,9	2,9	2,6
09.12.2024	17:19:03	1	0	1	0	0	1	7,1	2,9	2,6
09.12.2024	17:19:04	1	0	0	0	0	1	7,1	2,9	2,6
09.12.2024	17:37:02	3	0	1	0	0	1	4,7	2,8	2,6
09.12.2024	17:39:23	1	0	1	0	0	1	7,1	2,8	2,6
09.12.2024	17:39:24	1	0	0	0	0	1	7,1	2,8	2,6
09.12.2024	18:19:50	3	0	1	0	0	1	3,7	2,7	2,5
09.12.2024	18:22:37	1	0	1	0	0	1	7,1	2,7	2,5
09.12.2024	18:22:37	1	0	0	0	0	1	7,1	2,7	2,5
09.12.2024	18:52:10	3	0	1	0	0	1	3,9	2,6	2,4
09.12.2024	18:54:51	1	0	1	0	0	1	7,1	2,6	2,4
09.12.2024	18:54:52	1	0	0	0	0	1	7,1	2,6	2,4
09.12.2024	19:28:05	3	0	1	0	0	1	3,8	2,5	2,3
09.12.2024	19:30:53	1	0	1	0	0	1	7,1	2,5	2,3
09.12.2024	19:30:54	1	0	0	0	0	1	7,1	2,5	2,3
09.12.2024	20:02:29	3	0	1	0	0	1	3,7	2,4	2,2
09.12.2024	20:05:19	1	0	1	0	0	1	7,1	2,4	2,2
09.12.2024	20:05:20	1	0	0	0	0	1	7,1	2,4	2,2
09.12.2024	20:21:38	3	0	1	0	0	1	4,6	2,4	2,2
09.12.2024	20:24:03	1	0	1	0	0	1	7,1	2,4	2,2
09.12.2024	20:24:04	1	0	0	0	0	1	7,1	2,4	2,2
09.12.2024	20:43:44	3	0	1	0	0	1	4,4	2,4	2,1
09.12.2024	20:46:13	1	0	1	0	0	1	7,1	2,3	2
09.12.2024	20:46:14	1	0	0	0	0	1	7,1	2,3	2,1
09.12.2024	21:12:15	3	0	1	0	0	1	3,9	2,2	1,9
09.12.2024	21:14:40	3	0	1	0	0	1	5	2,2	1,9
09.12.2024	21:16:57	1	0	1	0	0	1	7,1	2,2	2
09.12.2024	21:16:58	1	0	0	0	0	1	7,1	2,2	2
09.12.2024	21:39:20	3	0	1	0	0	1	3,9	2,1	1,9
09.12.2024	21:42:05	1	0	1	0	0	1	7,1	2,1	1,9
09.12.2024	21:42:06	1	0	0	0	0	1	7,1	2,1	1,9
09.12.2024	22:06:45	3	0	1	0	0	1	3,9	2,1	1,9
09.12.2024	22:09:26	1	0	1	0	0	1	7,1	2,1	1,9
09.12.2024	22:09:27	1	0	0	0	0	1	7,1	2,1	1,9
09.12.2024	22:14:53	3	0	1	0	0	1	6,6	2,1	1,9
09.12.2024	22:16:09	1	0	1	0	0	1	7,1	2,1	1,9
09.12.2024	22:16:09	1	0	0	0	0	1	7,1	2,1	2
09.12.2024	22:51:37	3	0	1	0	0	1	3,6	2,1	1,9
09.12.2024	22:54:29	1	0	1	0	0	1	7,1	2,1	1,9
09.12.2024	22:54:30	1	0	0	0	0	1	7,1	2,1	1,9
-----------------------------------										
11.12.2024	06:17:03	3	2	1	1	0	1	0,9	0,7	0,8
11.12.2024	06:21:38	1	2	1	1	0	1	7,1	0,7	0,8
11.12.2024	06:21:39	1	2	0	1	0	1	7,1	0,7	0,8
-----------------------------------										
12.12.2024	12:37:45	3	2	1	1	0	1	3	3,2	2,9
12.12.2024	12:40:59	1	2	1	1	0	1	7,1	3,2	2,8
12.12.2024	12:41:00	1	2	0	1	0	1	7,1	3,2	2,8
-----------------------------------										
12.12.2024	22:05:37	3	2	1	1	0	1	1,4	1,1	1,3
12.12.2024	22:09:40	1	2	1	1	0	1	7,1	1,1	1,3
12.12.2024	22:09:41	1	2	0	1	0	1	7,1	1,1	1,3
12.12.2024	22:27:52	3	2	1	1	0	1	3,9	1,1	1,2
12.12.2024	22:30:35	1	2	1	1	0	1	7,1	1,1	1,2
12.12.2024	22:30:36	1	2	0	1	0	1	7,1	1,1	1,2
-----------------------------------										
15.12.2024	01:09:41	3	2	1	1	0	1	1,7	1,3	1,6
15.12.2024	01:14:17	1	2	1	1	0	1	7,1	1,3	1,5
15.12.2024	01:14:18	1	2	0	1	0	1	7,1	1,3	1,5
15.12.2024	01:29:32	3	2	1	1	0	1	3,9	1,3	1,3
15.12.2024	01:32:48	1	2	1	1	0	1	7,1	1,3	1,3
15.12.2024	01:32:49	1	2	0	1	0	1	7,1	1,3	1,3
15.12.2024	01:50:08	3	2	1	1	0	1	3,9	1,2	1,2
15.12.2024	01:53:25	1	2	1	1	0	1	7,1	1,2	1,1
15.12.2024	01:53:26	1	2	0	1	0	1	7,1	1,2	1,1
15.12.2024	02:11:12	3	2	1	1	0	1	3,9	1,3	1,2
15.12.2024	02:14:15	1	2	1	1	0	1	7,1	1,3	1,3
15.12.2024	02:14:16	1	2	0	1	0	1	7,1	1,3	1,3
-----------------------------------										
15.12.2024	07:56:31	3	2	1	1	0	1	2,3	2,1	2,4
15.12.2024	08:00:19	1	2	1	1	0	1	7,1	2,1	2,4
15.12.2024	08:00:20	1	2	0	1	0	1	7,1	2,1	2,4
15.12.2024	08:19:50	3	2	1	1	0	1	3,9	2,2	2,3
15.12.2024	08:22:39	1	2	1	1	0	1	7,1	2,2	2,3
15.12.2024	08:22:40	1	2	0	1	0	1	7,1	2,2	2,3
15.12.2024	08:32:39	3	2	1	1	0	1	5,4	2,3	2,4
15.12.2024	08:34:45	1	2	1	1	0	1	7,1	2,4	2,4
15.12.2024	08:34:46	1	2	0	1	0	1	7,1	2,4	2,5
15.12.2024	09:06:26	3	2	1	1	0	1	3,9	2,8	3
15.12.2024	09:09:11	1	2	1	1	0	1	7,1	2,8	3
15.12.2024	09:09:12	1	2	0	1	0	1	7,1	2,8	3
15.12.2024	10:17:37	3	2	1	1	0	1	3,9	3,5	3,5
15.12.2024	10:20:16	1	2	1	1	0	1	7,1	3,5	3,4
15.12.2024	10:20:17	1	2	0	1	0	1	7,1	3,5	3,5
15.12.2024	11:29:40	1	0	0	0	0	1	4,3	4,1	4
-----------------------------------										
15.12.2024	20:33:37	3	0	1	0	0	1	4,3	3,9	4,2
15.12.2024	20:36:00	1	0	1	0	0	1	7,1	4	4,2
15.12.2024	20:36:01	1	0	0	0	0	1	7,1	4	4,2
15.12.2024	22:36:01	1	0	0	0	0	1	4,8	4,5	4,8
-----------------------------------										
22.12.2024	21:10:36	3	0	1	0	0	1	4,4	3,9	4,1
22.12.2024	21:13:08	1	0	1	0	0	1	7,1	3,9	4,1
22.12.2024	21:13:09	1	0	0	0	0	1	7,1	3,9	4,1
22.12.2024	23:09:24	3	0	1	0	0	1	3,9	3,6	3,7
22.12.2024	23:12:09	1	0	1	0	0	1	7,1	3,6	3,7
22.12.2024	23:12:10	1	0	0	0	0	1	7,1	3,6	3,7
23.12.2024	00:21:36	3	0	1	0	0	1	3,9	3,4	3,2
23.12.2024	00:24:20	1	0	1	0	0	1	7,1	3,4	3,1
23.12.2024	00:24:20	1	0	0	0	0	1	7,1	3,4	3,1
23.12.2024	00:55:18	3	0	1	0	0	1	4,5	3,2	3
23.12.2024	00:57:39	1	0	1	0	0	1	7,1	3,2	3
23.12.2024	00:57:40	1	0	0	0	0	1	7,1	3,2	3
23.12.2024	04:38:11	3	0	1	0	0	1	2,6	2,1	2,4
23.12.2024	04:41:40	1	0	1	0	0	1	7,1	2,1	2,3
23.12.2024	04:41:40	1	0	0	0	0	1	7,1	2,1	2,3
23.12.2024	04:51:31	1	2	0	1	0	1	5,5	1,9	2,2
23.12.2024	05:04:19	3	2	1	1	0	1	3,9	1,6	1,7
23.12.2024	05:07:06	1	2	1	1	0	1	7,1	1,5	1,6
23.12.2024	05:07:07	1	2	0	1	0	1	7,1	1,5	1,6
23.12.2024	07:01:34	3	2	1	1	0	1	2,6	1,8	2,5
23.12.2024	07:05:01	1	2	1	1	0	1	7,1	1,9	2,6
23.12.2024	07:05:02	1	2	0	1	0	1	7,1	1,9	2,6
23.12.2024	07:31:28	3	2	1	1	0	1	3,9	2	2,6
-----------------------------------										
23.12.2024	23:22:40	3	2	1	1	0	1	2,7	2,5	3,3
23.12.2024	23:26:18	1	2	1	1	0	1	7,1	2,5	3,3
23.12.2024	23:26:19	1	2	0	1	0	1	7,1	2,5	3,3
24.12.2024	00:01:37	3	2	1	1	0	1	3,9	2,5	2,9
24.12.2024	00:33:07	3	2	1	1	0	1	3,7	2,5	2,9
24.12.2024	00:36:13	1	2	1	1	0	1	7,1	2,5	2,9
24.12.2024	00:36:13	1	2	0	1	0	1	7,1	2,5	2,9
24.12.2024	01:25:18	3	2	1	1	0	1	3,9	2,8	2,6
24.12.2024	01:28:21	1	2	1	1	0	1	7,1	2,8	2,6
24.12.2024	01:28:22	1	2	0	1	0	1	7,1	2,8	2,6
24.12.2024	03:29:40	3	2	1	1	0	1	2,8	2,1	1,8
24.12.2024	03:33:00	1	2	1	1	0	1	7,1	2,1	1,9
24.12.2024	03:33:01	1	2	0	1	0	1	7,1	2,1	1,9
24.12.2024	07:42:32	3	2	1	1	0	1	3,3	3,1	3,3
24.12.2024	07:45:38	1	2	1	1	0	1	7,1	3,1	3,3
24.12.2024	07:45:39	1	2	0	1	0	1	7,1	3,1	3,3
24.12.2024	08:02:59	3	2	1	1	0	1	5,1	3,1	3,3
24.12.2024	08:05:04	1	2	1	1	0	1	7,1	3,1	3,4
24.12.2024	08:05:05	1	2	0	1	0	1	7,1	3,1	3,3
24.12.2024	10:05:06	1	2	0	1	0	1	4,1	3,9	3,9
24.12.2024	10:40:36	1	0	0	0	0	1	4,1	4,1	4
-----------------------------------										
24.12.2024	16:37:07	3	0	1	0	0	1	4,3	3,9	3,5
24.12.2024	16:39:32	1	0	1	0	0	1	7,1	3,9	3,5
24.12.2024	16:39:33	1	0	0	0	0	1	7,1	3,9	3,5
24.12.2024	18:25:03	3	0	1	0	0	1	3,9	3,5	3,3
24.12.2024	18:27:39	1	0	1	0	0	1	7,1	3,5	3,2
24.12.2024	18:27:40	1	0	0	0	0	1	7,1	3,5	3,2
24.12.2024	18:54:26	3	0	1	0	0	1	4,9	3,3	3,1
24.12.2024	18:56:33	1	0	1	0	0	1	7,1	3,3	3,1
24.12.2024	18:56:34	1	0	0	0	0	1	7,1	3,3	3,1
24.12.2024	20:29:45	3	0	1	0	0	1	3,8	3	3,2
24.12.2024	20:32:26	1	0	1	0	0	1	7,1	3	3,2
24.12.2024	20:32:26	1	0	0	0	0	1	7,1	3	3,2
24.12.2024	21:30:42	3	0	1	0	0	1	3,9	3,1	3
24.12.2024	21:33:21	1	0	1	0	0	1	7,1	3,1	3
24.12.2024	21:33:21	1	0	0	0	0	1	7,1	3,1	3
24.12.2024	21:45:24	3	0	1	0	0	1	6	3	3
24.12.2024	21:46:56	1	0	1	0	0	1	7,1	3	3
24.12.2024	21:46:57	1	0	0	0	0	1	7,1	3	3
24.12.2024	22:39:19	3	0	1	0	0	1	4,2	2,9	2,8
24.12.2024	22:41:50	1	0	1	0	0	1	7,1	2,9	2,9
24.12.2024	22:41:51	1	0	0	0	0	1	7,1	2,9	2,9
25.12.2024	00:25:43	3	0	1	0	0	1	3,5	2,7	2,7
25.12.2024	00:28:35	1	0	1	0	0	1	7,1	2,7	2,7
25.12.2024	00:28:36	1	0	0	0	0	1	7,1	2,7	2,7
25.12.2024	02:53:05	3	0	1	0	0	1	3,1	2,4	2,5
25.12.2024	02:56:09	1	0	1	0	0	1	7,1	2,4	2,6
25.12.2024	02:56:10	1	0	0	0	0	1	7,1	2,4	2,5
25.12.2024	03:16:29	3	0	1	0	0	1	4,7	2,4	2,6
25.12.2024	03:18:45	1	0	1	0	0	1	7,1	2,4	2,6
25.12.2024	03:18:46	1	0	0	0	0	1	7,1	2,4	2,6
-----------------------------------										
03.01.2025	20:04:01	3	2	1	1	0	1	1,4	1,1	1,2
03.01.2025	20:08:52	1	2	1	1	0	1	7,1	0,8	0,6
03.01.2025	20:08:52	1	2	0	1	0	1	7,1	0,8	0,6
03.01.2025	20:21:00	3	2	1	1	0	1	3,9	0,4	0,1
03.01.2025	20:24:14	1	2	1	1	0	1	7,1	0,4	0,1
03.01.2025	20:24:15	1	2	0	1	0	1	7,1	0,4	0,1
03.01.2025	20:38:08	3	2	1	1	0	1	3,9	0,3	0,2
03.01.2025	20:41:17	1	2	1	1	0	1	7,1	0,3	0,2
03.01.2025	20:41:17	1	2	0	1	0	1	7,1	0,3	0,2
-----------------------------------										
05.01.2025	23:19:09	3	2	1	1	0	1	0	0	0
05.01.2025	23:20:24	3	2	1	1	0	1	0	0	0
05.01.2025	23:25:21	3	2	1	1	0	1	0,1	0	0
05.01.2025	23:31:48	1	2	1	1	0	1	7,1	0	-0,1
05.01.2025	23:31:49	1	2	0	1	0	1	7,1	0	-0,1
05.01.2025	23:40:45	3	2	1	1	0	1	3,9	0	-0,1
05.01.2025	23:43:45	1	2	1	1	0	1	7,1	0	-0,1
05.01.2025	23:43:46	1	2	0	1	0	1	7,1	0	-0,1
05.01.2025	23:56:48	3	2	1	1	0	1	3,9	0	0
05.01.2025	23:59:48	1	2	1	1	0	1	7,1	0	0
05.01.2025	23:59:49	1	2	0	1	0	1	7,1	0	0
06.01.2025	00:14:45	3	2	1	1	0	1	3,9	0	0,1
06.01.2025	00:17:41	1	2	1	1	0	1	7,1	0	0,1
06.01.2025	00:17:42	1	2	0	1	0	1	7,1	0	0,1
06.01.2025	00:34:22	3	2	1	1	0	1	3,9	0	0,3
06.01.2025	00:37:17	1	2	1	1	0	1	7,1	0	0,4
06.01.2025	00:37:18	1	2	0	1	0	1	7,1	0	0,4
06.01.2025	00:56:05	3	2	1	1	0	1	3,9	0,1	0,8
06.01.2025	01:13:33	3	2	1	1	0	1	4,1	0,1	1,2
06.01.2025	01:16:17	1	2	1	1	0	1	7,1	0,2	1,2
06.01.2025	01:16:18	1	2	0	1	0	1	7,1	0,2	1,2
06.01.2025	01:33:52	3	2	1	1	0	1	4,4	0,5	1,5
06.01.2025	01:36:20	1	2	1	1	0	1	7,1	0,5	1,5
06.01.2025	01:36:21	1	2	0	1	0	1	7,1	0,5	1,5
06.01.2025	02:07:25	3	2	1	1	0	1	3,7	0,8	1,7
06.01.2025	02:10:15	1	2	1	1	0	1	7,1	0,8	1,8
06.01.2025	02:10:16	1	2	0	1	0	1	7,1	0,8	1,8
06.01.2025	03:17:42	3	2	1	1	0	1	2,9	1,2	2,4
06.01.2025	03:20:56	1	2	1	1	0	1	7,1	1,2	2,4
06.01.2025	03:20:57	1	2	0	1	0	1	7,1	1,2	2,5
