data_czas,temperatura_powietrza_C,punkt_rosy_C,opad_mm,wiatr_m_s,naslonecznienie_sekundy
2024-11-01 00:00:00,8.3,6.4,0.0,4.97,0.0
2024-11-01 01:00:00,8.5,6.7,0.0,5.53,0.0
2024-11-01 02:00:00,8.4,6.2,0.0,5.4,0.0
2024-11-01 03:00:00,8.5,6.0,0.0,5.77,0.0
2024-11-01 04:00:00,8.6,6.0,0.0,5.86,0.0
2024-11-01 05:00:00,8.6,5.9,0.0,5.98,0.0
2024-11-01 06:00:00,8.7,5.9,0.0,5.91,0.0
2024-11-01 07:00:00,10.0,6.1,0.0,5.97,3600.0
2024-11-01 08:00:00,11.7,6.6,0.0,6.2,3600.0
2024-11-01 09:00:00,13.4,7.2,0.0,6.8,3600.0
2024-11-01 10:00:00,14.7,7.8,0.0,6.74,3600.0
2024-11-01 11:00:00,15.7,8.1,0.0,6.83,3600.0
2024-11-01 12:00:00,16.2,8.4,0.0,7.0,3600.0
2024-11-01 13:00:00,16.5,8.7,0.0,6.97,3600.0
2024-11-01 14:00:00,15.8,9.1,0.0,6.59,3600.0
2024-11-01 15:00:00,14.4,8.8,0.0,5.97,3600.0
2024-11-01 16:00:00,13.0,8.6,0.0,5.88,0.0
2024-11-01 17:00:00,12.1,8.6,0.0,5.99,0.0
2024-11-01 18:00:00,11.3,8.3,0.0,6.53,0.0
2024-11-01 19:00:00,10.7,7.5,0.0,6.6,0.0
2024-11-01 20:00:00,10.1,7.0,0.0,6.46,0.0
2024-11-01 21:00:00,9.5,6.8,0.0,6.21,0.0
2024-11-01 22:00:00,9.1,6.8,0.0,6.01,0.0
2024-11-01 23:00:00,8.6,6.8,0.0,5.78,0.0
2024-11-02 00:00:00,8.6,6.6,0.0,5.95,0.0
2024-11-02 01:00:00,9.5,7.1,0.0,6.7,0.0
2024-11-02 02:00:00,9.9,7.1,0.0,6.71,0.0
2024-11-02 03:00:00,9.9,7.2,0.0,5.81,0.0
2024-11-02 04:00:00,9.8,7.4,0.0,5.61,0.0
2024-11-02 05:00:00,9.9,7.5,0.0,5.69,0.0
2024-11-02 06:00:00,10.0,7.8,0.2,5.22,0.0
2024-11-02 07:00:00,10.2,8.4,0.2,4.34,0.0
2024-11-02 08:00:00,10.6,8.1,0.3,4.3,0.0
2024-11-02 09:00:00,10.4,6.2,0.0,4.35,630.49
2024-11-02 10:00:00,10.5,3.7,0.0,5.0,3600.0
2024-11-02 11:00:00,10.5,2.3,0.0,4.97,3600.0
2024-11-02 12:00:00,10.1,1.4,0.0,4.46,3600.0
2024-11-02 13:00:00,10.4,0.9,0.0,4.71,3600.0
2024-11-02 14:00:00,9.7,0.1,0.0,4.6,3600.0
2024-11-02 15:00:00,8.2,-0.5,0.0,3.47,3600.0
2024-11-02 16:00:00,6.6,-1.4,0.0,3.1,0.0
2024-11-02 17:00:00,5.2,-2.8,0.0,2.38,0.0
2024-11-02 18:00:00,3.4,-3.3,0.0,2.32,0.0
2024-11-02 19:00:00,2.0,-3.2,0.0,2.92,0.0
2024-11-02 20:00:00,2.0,-3.6,0.0,2.25,0.0
2024-11-02 21:00:00,0.7,-3.6,0.0,2.2,0.0
2024-11-02 22:00:00,0.3,-3.5,0.0,1.65,0.0
2024-11-02 23:00:00,-0.6,-3.4,0.0,1.98,0.0
2024-11-03 00:00:00,-1.0,-3.4,0.0,1.85,0.0
2024-11-03 01:00:00,-0.8,-3.8,0.0,1.46,0.0
2024-11-03 02:00:00,-0.2,-3.7,0.0,0.89,0.0
2024-11-03 03:00:00,1.0,-4.0,0.0,0.25,0.0
2024-11-03 04:00:00,1.2,-3.9,0.0,0.94,0.0
2024-11-03 05:00:00,1.3,-3.5,0.0,0.92,0.0
2024-11-03 06:00:00,1.2,-3.5,0.0,0.67,0.0
2024-11-03 07:00:00,1.8,-2.8,0.0,0.32,420.15
2024-11-03 08:00:00,3.6,-2.5,0.0,0.2,3600.0
2024-11-03 09:00:00,5.1,-2.2,0.0,1.08,3600.0
2024-11-03 10:00:00,6.2,-2.4,0.0,2.21,3600.0
2024-11-03 11:00:00,7.0,-3.1,0.0,2.8,3600.0
2024-11-03 12:00:00,7.4,-3.8,0.0,3.48,2135.43
2024-11-03 13:00:00,7.8,-1.0,0.0,4.03,0.0
2024-11-03 14:00:00,7.7,-0.5,0.0,3.45,3357.08
2024-11-03 15:00:00,6.2,-1.2,0.0,3.01,3600.0
2024-11-03 16:00:00,5.2,-1.8,0.0,3.61,0.0
2024-11-03 17:00:00,4.9,-0.9,0.0,3.91,0.0
2024-11-03 18:00:00,4.8,-0.2,0.0,4.71,0.0
2024-11-03 19:00:00,4.5,0.7,0.0,4.96,0.0
2024-11-03 20:00:00,4.1,1.6,0.0,4.87,0.0
2024-11-03 21:00:00,4.1,1.6,0.0,5.5,0.0
2024-11-03 22:00:00,4.2,1.3,0.0,5.75,0.0
2024-11-03 23:00:00,4.0,1.0,0.0,5.26,0.0
2024-11-04 00:00:00,3.5,0.7,0.0,4.86,0.0
2024-11-04 01:00:00,3.3,0.5,0.0,5.33,0.0
2024-11-04 02:00:00,3.2,0.4,0.0,5.18,0.0
2024-11-04 03:00:00,4.6,0.4,0.0,5.55,0.0
2024-11-04 04:00:00,4.7,0.9,0.0,5.26,0.0
2024-11-04 05:00:00,5.0,1.5,0.0,5.14,0.0
2024-11-04 06:00:00,5.1,2.2,0.1,4.84,0.0
2024-11-04 07:00:00,5.7,2.9,0.0,4.82,0.0
2024-11-04 08:00:00,6.2,3.7,0.1,4.25,0.0
2024-11-04 09:00:00,6.6,4.3,0.1,3.95,0.0
2024-11-04 10:00:00,7.5,4.9,0.0,4.2,0.0
2024-11-04 11:00:00,8.5,5.5,0.1,3.62,0.0
2024-11-04 12:00:00,8.7,6.0,0.1,3.36,0.0
2024-11-04 13:00:00,8.8,5.6,0.0,2.73,0.0
2024-11-04 14:00:00,8.9,5.6,0.0,1.97,0.0
2024-11-04 15:00:00,7.8,5.7,0.0,1.77,291.5
2024-11-04 16:00:00,6.6,5.1,0.0,1.7,0.0
2024-11-04 17:00:00,5.3,4.4,0.0,1.98,0.0
2024-11-04 18:00:00,5.0,4.2,0.0,2.37,0.0
2024-11-04 19:00:00,4.0,3.3,0.0,2.82,0.0
2024-11-04 20:00:00,2.7,1.5,0.0,2.23,0.0
2024-11-04 21:00:00,1.0,-0.2,0.0,2.62,0.0
2024-11-04 22:00:00,1.0,-0.4,0.0,1.86,0.0
2024-11-04 23:00:00,0.9,-0.5,0.0,1.99,0.0
2024-11-05 00:00:00,0.6,-0.8,0.0,2.0,0.0
2024-11-05 01:00:00,0.3,-0.6,0.0,1.7,0.0
2024-11-05 02:00:00,0.0,-0.8,0.0,1.54,0.0
2024-11-05 03:00:00,0.0,-0.7,0.0,1.43,0.0
2024-11-05 04:00:00,0.1,-0.4,0.0,1.39,0.0
2024-11-05 05:00:00,0.2,-0.1,0.0,1.25,0.0
2024-11-05 06:00:00,0.3,0.1,0.0,0.87,0.0
2024-11-05 07:00:00,1.4,0.9,0.0,1.35,2192.27
2024-11-05 08:00:00,2.0,1.7,0.0,1.36,0.0
2024-11-05 09:00:00,3.0,1.9,0.0,1.15,0.0
2024-11-05 10:00:00,5.0,2.6,0.0,0.8,3600.0
2024-11-05 11:00:00,6.5,3.0,0.0,0.65,3600.0
2024-11-05 12:00:00,7.6,3.3,0.0,0.81,3600.0
2024-11-05 13:00:00,7.9,3.6,0.0,0.67,3600.0
2024-11-05 14:00:00,7.7,3.6,0.0,1.04,3600.0
2024-11-05 15:00:00,5.1,3.1,0.0,1.87,3600.0
2024-11-05 16:00:00,3.6,2.2,0.0,2.51,0.0
2024-11-05 17:00:00,3.6,2.1,0.0,2.22,0.0
2024-11-05 18:00:00,4.7,2.7,0.0,1.43,0.0
2024-11-05 19:00:00,4.9,2.4,0.0,1.34,0.0
2024-11-05 20:00:00,5.1,2.2,0.0,1.57,0.0
2024-11-05 21:00:00,4.2,2.0,0.0,1.07,0.0
2024-11-05 22:00:00,2.7,2.0,0.0,0.28,0.0
2024-11-05 23:00:00,1.3,1.1,0.0,1.21,0.0
2024-11-06 00:00:00,1.4,1.4,0.0,0.9,0.0
2024-11-06 01:00:00,1.6,1.5,0.0,1.01,0.0
2024-11-06 02:00:00,1.7,1.6,0.0,1.0,0.0
2024-11-06 03:00:00,1.9,1.8,0.0,0.89,0.0
2024-11-06 04:00:00,2.3,2.0,0.0,0.76,0.0
2024-11-06 05:00:00,2.3,2.1,0.0,0.76,0.0
2024-11-06 06:00:00,2.3,2.2,0.0,0.79,0.0
2024-11-06 07:00:00,2.9,2.2,0.0,0.78,0.0
2024-11-06 08:00:00,3.9,2.6,0.0,0.57,1423.18
2024-11-06 09:00:00,5.6,3.2,0.0,0.35,3600.0
2024-11-06 10:00:00,7.6,3.3,0.0,0.16,3600.0
2024-11-06 11:00:00,9.1,3.1,0.0,0.46,3600.0
2024-11-06 12:00:00,10.0,3.3,0.0,0.66,3600.0
2024-11-06 13:00:00,9.8,4.6,0.0,0.97,3600.0
2024-11-06 14:00:00,9.1,4.8,0.0,1.55,3600.0
2024-11-06 15:00:00,5.8,4.2,0.0,2.05,3600.0
2024-11-06 16:00:00,4.0,3.0,0.0,2.3,0.0
2024-11-06 17:00:00,4.4,3.0,0.0,1.61,0.0
2024-11-06 18:00:00,4.7,3.2,0.0,1.31,0.0
2024-11-06 19:00:00,4.9,3.2,0.0,0.81,0.0
2024-11-06 20:00:00,4.8,3.1,0.0,0.74,0.0
2024-11-06 21:00:00,2.9,1.8,0.0,1.58,0.0
2024-11-06 22:00:00,2.3,1.3,0.0,2.07,0.0
2024-11-06 23:00:00,1.4,0.8,0.0,2.51,0.0
2024-11-07 00:00:00,1.2,0.7,0.0,2.39,0.0
2024-11-07 01:00:00,1.5,0.6,0.0,2.11,0.0
2024-11-07 02:00:00,1.7,0.6,0.0,1.96,0.0
2024-11-07 03:00:00,0.9,-0.2,0.0,2.11,0.0
2024-11-07 04:00:00,0.5,-0.6,0.0,2.15,0.0
2024-11-07 05:00:00,0.8,0.0,0.0,2.12,0.0
2024-11-07 06:00:00,2.1,1.0,0.0,1.26,0.0
2024-11-07 07:00:00,3.8,1.9,0.0,1.87,2526.22
2024-11-07 08:00:00,5.6,2.5,0.0,1.23,3600.0
2024-11-07 09:00:00,7.2,2.8,0.0,0.76,2392.21
2024-11-07 10:00:00,8.8,3.2,0.0,0.71,3600.0
2024-11-07 11:00:00,9.9,3.7,0.0,0.59,3600.0
2024-11-07 12:00:00,10.5,4.0,0.0,0.78,3600.0
2024-11-07 13:00:00,9.5,4.3,0.0,1.69,3600.0
2024-11-07 14:00:00,8.5,4.5,0.0,1.34,3600.0
2024-11-07 15:00:00,6.0,4.1,0.0,1.7,1455.15
2024-11-07 16:00:00,4.7,3.3,0.0,1.9,0.0
2024-11-07 17:00:00,3.5,2.5,0.0,1.77,0.0
2024-11-07 18:00:00,2.8,2.0,0.0,2.01,0.0
2024-11-07 19:00:00,1.9,1.6,0.0,1.71,0.0
2024-11-07 20:00:00,1.6,1.6,0.0,1.69,0.0
2024-11-07 21:00:00,1.5,1.4,0.0,1.57,0.0
2024-11-07 22:00:00,1.8,1.8,0.0,1.94,0.0
2024-11-07 23:00:00,2.1,2.0,0.0,2.26,0.0
2024-11-08 00:00:00,2.2,2.1,0.0,2.28,0.0
2024-11-08 01:00:00,2.8,2.7,0.0,2.25,0.0
2024-11-08 02:00:00,2.8,2.7,0.0,2.4,0.0
2024-11-08 03:00:00,2.6,2.5,0.0,2.62,0.0
2024-11-08 04:00:00,2.5,2.4,0.0,2.84,0.0
2024-11-08 05:00:00,2.4,2.3,0.0,2.7,0.0
2024-11-08 06:00:00,2.4,2.2,0.0,2.7,0.0
2024-11-08 07:00:00,2.5,2.3,0.0,2.97,0.0
2024-11-08 08:00:00,2.9,2.6,0.0,3.21,0.0
2024-11-08 09:00:00,3.7,3.0,0.0,3.35,0.0
2024-11-08 10:00:00,4.7,3.2,0.0,4.11,0.0
2024-11-08 11:00:00,5.4,3.5,0.0,4.6,0.0
2024-11-08 12:00:00,5.8,3.6,0.0,4.7,0.0
2024-11-08 13:00:00,4.5,2.7,0.0,4.87,0.0
2024-11-08 14:00:00,4.6,2.7,0.0,4.2,0.0
2024-11-08 15:00:00,4.4,2.6,0.0,4.21,0.0
2024-11-08 16:00:00,4.4,2.5,0.0,4.07,0.0
2024-11-08 17:00:00,4.4,2.4,0.0,4.15,0.0
2024-11-08 18:00:00,4.2,2.4,0.0,3.85,0.0
2024-11-08 19:00:00,4.0,2.4,0.0,4.0,0.0
2024-11-08 20:00:00,3.9,2.5,0.0,3.85,0.0
2024-11-08 21:00:00,3.6,2.5,0.0,3.7,0.0
2024-11-08 22:00:00,3.5,2.5,0.0,4.61,0.0
2024-11-08 23:00:00,3.2,2.2,0.0,4.96,0.0
2024-11-09 00:00:00,2.9,1.9,0.0,5.28,0.0
2024-11-09 01:00:00,2.1,1.7,0.0,4.6,0.0
2024-11-09 02:00:00,2.0,1.6,0.0,4.25,0.0
2024-11-09 03:00:00,2.0,1.5,0.0,4.3,0.0
2024-11-09 04:00:00,2.0,1.5,0.0,4.45,0.0
2024-11-09 05:00:00,2.0,1.2,0.0,4.81,0.0
2024-11-09 06:00:00,2.0,1.1,0.0,4.57,0.0
2024-11-09 07:00:00,2.2,1.0,0.0,4.21,0.0
2024-11-09 08:00:00,2.8,1.0,0.0,4.1,0.0
2024-11-09 09:00:00,3.6,0.9,0.0,4.55,1266.86
2024-11-09 10:00:00,4.5,1.0,0.0,4.6,1605.32
2024-11-09 11:00:00,5.4,1.1,0.0,4.6,3600.0
2024-11-09 12:00:00,5.8,1.2,0.0,4.5,3600.0
2024-11-09 13:00:00,4.5,0.0,0.0,4.21,3600.0
2024-11-09 14:00:00,4.3,-0.1,0.0,4.35,3600.0
2024-11-09 15:00:00,3.1,0.1,0.0,3.1,3457.04
2024-11-09 16:00:00,2.1,0.1,0.0,2.56,0.0
2024-11-09 17:00:00,1.4,0.1,0.0,2.77,0.0
2024-11-09 18:00:00,1.3,0.2,0.0,2.9,0.0
2024-11-09 19:00:00,1.4,0.3,0.0,2.83,0.0
2024-11-09 20:00:00,1.0,0.2,0.0,2.8,0.0
2024-11-09 21:00:00,0.1,-0.5,0.0,2.74,0.0
2024-11-09 22:00:00,-0.6,-1.1,0.0,2.92,0.0
2024-11-09 23:00:00,-1.3,-1.7,0.0,3.09,0.0
2024-11-10 00:00:00,-1.8,-2.2,0.0,2.93,0.0
2024-11-10 01:00:00,0.4,-0.5,0.0,3.5,0.0
2024-11-10 02:00:00,0.6,-0.6,0.0,3.91,0.0
2024-11-10 03:00:00,0.5,-0.7,0.0,3.67,0.0
2024-11-10 04:00:00,0.4,-0.8,0.0,3.57,0.0
2024-11-10 05:00:00,0.3,-0.9,0.0,3.42,0.0
2024-11-10 06:00:00,0.1,-1.0,0.0,3.06,0.0
2024-11-10 07:00:00,0.5,-1.0,0.0,2.96,0.0
2024-11-10 08:00:00,1.1,-1.1,0.0,3.01,432.5
2024-11-10 09:00:00,1.9,-1.0,0.0,2.96,1116.79
2024-11-10 10:00:00,3.2,-0.9,0.0,2.47,3600.0
2024-11-10 11:00:00,4.1,-0.4,0.0,2.29,3600.0
2024-11-10 12:00:00,4.9,0.1,0.0,2.85,3600.0
2024-11-10 13:00:00,3.0,-0.5,0.0,3.66,1077.35
2024-11-10 14:00:00,3.0,-0.2,0.0,3.05,2273.71
2024-11-10 15:00:00,2.0,0.2,0.0,2.07,3370.2
2024-11-10 16:00:00,1.3,0.3,0.0,2.17,0.0
2024-11-10 17:00:00,0.8,-0.1,0.0,2.53,0.0
2024-11-10 18:00:00,0.0,-0.6,0.0,2.35,0.0
2024-11-10 19:00:00,-0.7,-1.1,0.0,2.09,0.0
2024-11-10 20:00:00,-1.1,-1.5,0.0,1.98,0.0
2024-11-10 21:00:00,-1.7,-2.2,0.0,1.56,0.0
2024-11-10 22:00:00,-2.8,-3.4,0.0,2.19,0.0
2024-11-10 23:00:00,-2.0,-2.7,0.0,1.43,0.0
2024-11-11 00:00:00,-1.8,-2.3,0.0,1.25,0.0
2024-11-11 01:00:00,-0.2,-1.1,0.0,0.55,0.0
2024-11-11 02:00:00,0.0,-0.8,0.0,0.65,0.0
2024-11-11 03:00:00,0.2,-0.5,0.0,0.83,0.0
2024-11-11 04:00:00,0.3,-0.5,0.0,1.48,0.0
2024-11-11 05:00:00,0.1,-0.5,0.0,1.36,0.0
2024-11-11 06:00:00,-0.1,-0.4,0.0,0.83,0.0
2024-11-11 07:00:00,0.7,-0.4,0.0,1.33,0.0
2024-11-11 08:00:00,1.6,-0.2,0.0,1.57,0.0
2024-11-11 09:00:00,2.9,0.1,0.0,1.88,3600.0
2024-11-11 10:00:00,4.2,0.8,0.0,1.33,3600.0
2024-11-11 11:00:00,5.2,1.3,0.0,1.38,3600.0
2024-11-11 12:00:00,6.1,1.7,0.0,1.35,3600.0
2024-11-11 13:00:00,6.1,1.9,0.0,2.0,3600.0
2024-11-11 14:00:00,5.8,2.1,0.0,1.15,3600.0
2024-11-11 15:00:00,3.9,1.7,0.0,1.2,3284.91
2024-11-11 16:00:00,2.8,1.4,0.0,1.62,0.0
2024-11-11 17:00:00,2.6,1.6,0.0,1.78,0.0
2024-11-11 18:00:00,1.4,0.9,0.0,1.6,0.0
2024-11-11 19:00:00,-0.3,-0.5,0.0,1.49,0.0
2024-11-11 20:00:00,0.7,0.4,0.0,1.3,0.0
2024-11-11 21:00:00,0.8,0.6,0.0,1.55,0.0
2024-11-11 22:00:00,1.0,0.8,0.0,1.43,0.0
2024-11-11 23:00:00,1.0,0.9,0.0,1.42,0.0
2024-11-12 00:00:00,1.3,0.8,0.0,1.52,0.0
2024-11-12 01:00:00,0.7,0.6,0.0,1.99,0.0
2024-11-12 02:00:00,0.8,0.5,0.0,2.23,0.0
2024-11-12 03:00:00,0.9,0.5,0.0,2.4,0.0
2024-11-12 04:00:00,0.9,0.4,0.0,2.8,0.0
2024-11-12 05:00:00,0.7,0.1,0.1,3.06,0.0
2024-11-12 06:00:00,0.4,-0.4,0.1,3.09,0.0
2024-11-12 07:00:00,0.2,-0.8,0.1,2.81,0.0
2024-11-12 08:00:00,0.3,-1.0,0.1,2.34,0.0
2024-11-12 09:00:00,0.6,-1.2,0.0,2.3,0.0
2024-11-12 10:00:00,1.1,-1.2,0.0,2.12,0.0
2024-11-12 11:00:00,1.4,-1.2,0.0,1.79,0.0
2024-11-12 12:00:00,1.7,-1.2,0.0,1.55,0.0
2024-11-12 13:00:00,0.5,-1.1,0.0,1.52,0.0
2024-11-12 14:00:00,0.6,-1.2,0.0,1.45,0.0
2024-11-12 15:00:00,0.6,-1.3,0.0,1.45,0.0
2024-11-12 16:00:00,0.5,-1.4,0.0,1.37,0.0
2024-11-12 17:00:00,0.3,-1.6,0.0,1.19,0.0
2024-11-12 18:00:00,0.2,-1.7,0.0,0.87,0.0
2024-11-12 19:00:00,0.1,-1.7,0.0,0.56,0.0
2024-11-12 20:00:00,0.0,-1.8,0.0,0.64,0.0
2024-11-12 21:00:00,-0.1,-1.8,0.0,0.7,0.0
2024-11-12 22:00:00,-0.1,-1.8,0.0,0.76,0.0
2024-11-12 23:00:00,-0.1,-1.7,0.1,1.1,0.0
2024-11-13 00:00:00,0.1,-1.7,0.1,1.24,0.0
2024-11-13 01:00:00,0.5,-1.3,0.0,1.38,0.0
2024-11-13 02:00:00,0.6,-1.3,0.0,1.61,0.0
2024-11-13 03:00:00,0.6,-1.3,0.0,1.87,0.0
2024-11-13 04:00:00,0.7,-1.1,0.0,1.41,0.0
2024-11-13 05:00:00,0.7,-0.9,0.0,1.06,0.0
2024-11-13 06:00:00,0.7,-0.6,0.1,1.2,0.0
2024-11-13 07:00:00,0.9,-0.4,0.1,1.45,0.0
2024-11-13 08:00:00,1.1,-0.8,0.1,2.18,0.0
2024-11-13 09:00:00,1.4,-1.5,0.1,2.8,0.0
2024-11-13 10:00:00,1.6,-1.7,0.0,2.62,0.0
2024-11-13 11:00:00,1.9,-1.6,0.0,2.4,0.0
2024-11-13 12:00:00,2.1,-1.4,0.0,2.43,0.0
2024-11-13 13:00:00,2.2,-1.2,0.1,3.22,0.0
2024-11-13 14:00:00,2.2,-0.9,0.1,2.75,0.0
2024-11-13 15:00:00,1.9,-0.4,0.1,1.86,0.0
2024-11-13 16:00:00,1.6,-0.2,0.1,1.77,0.0
2024-11-13 17:00:00,1.4,-0.5,0.0,1.74,0.0
2024-11-13 18:00:00,1.1,-0.9,0.0,2.27,0.0
2024-11-13 19:00:00,0.9,-1.2,0.0,2.18,0.0
2024-11-13 20:00:00,0.8,-1.3,0.0,2.21,0.0
2024-11-13 21:00:00,0.8,-1.2,0.0,2.22,0.0
2024-11-13 22:00:00,0.8,-1.2,0.0,2.51,0.0
2024-11-13 23:00:00,0.9,-1.1,0.0,2.73,0.0
2024-11-14 00:00:00,1.1,-1.0,0.0,3.0,0.0
2024-11-14 01:00:00,1.4,-0.4,0.0,3.06,0.0
2024-11-14 02:00:00,1.5,-0.2,0.0,3.13,0.0
2024-11-14 03:00:00,1.7,-0.1,0.0,3.21,0.0
2024-11-14 04:00:00,1.8,0.1,0.0,3.29,0.0
2024-11-14 05:00:00,1.9,0.1,0.0,3.35,0.0
2024-11-14 06:00:00,1.9,0.1,0.0,3.21,0.0
2024-11-14 07:00:00,2.4,0.3,0.0,3.33,0.0
2024-11-14 08:00:00,2.8,0.3,0.0,3.26,0.0
2024-11-14 09:00:00,3.2,0.4,0.0,3.42,0.0
2024-11-14 10:00:00,4.1,0.3,0.0,4.09,0.0
2024-11-14 11:00:00,4.8,0.2,0.0,4.57,0.0
2024-11-14 12:00:00,5.0,-0.1,0.0,4.3,0.0
2024-11-14 13:00:00,5.2,-0.1,0.0,4.75,0.0
2024-11-14 14:00:00,5.0,-0.1,0.0,4.21,2279.43
2024-11-14 15:00:00,3.9,-0.2,0.0,4.24,1035.79
2024-11-14 16:00:00,3.5,0.0,0.0,4.49,0.0
2024-11-14 17:00:00,3.3,-0.1,0.0,4.56,0.0
2024-11-14 18:00:00,3.4,-0.5,0.0,4.79,0.0
2024-11-14 19:00:00,3.8,0.0,0.0,5.05,0.0
2024-11-14 20:00:00,4.1,0.6,0.0,4.28,0.0
2024-11-14 21:00:00,4.1,1.3,0.1,4.06,0.0
2024-11-14 22:00:00,4.2,2.0,0.0,4.09,0.0
2024-11-14 23:00:00,4.3,2.6,0.2,3.2,0.0
2024-11-15 00:00:00,4.4,3.2,0.2,3.72,0.0
2024-11-15 01:00:00,4.6,3.8,0.0,3.61,0.0
2024-11-15 02:00:00,4.8,3.9,0.0,3.6,0.0
2024-11-15 03:00:00,4.9,4.0,0.2,3.6,0.0
2024-11-15 04:00:00,5.0,4.2,0.1,3.55,0.0
2024-11-15 05:00:00,5.0,4.2,0.0,3.3,0.0
2024-11-15 06:00:00,4.9,4.2,0.0,2.76,0.0
2024-11-15 07:00:00,5.2,4.4,0.0,2.8,0.0
2024-11-15 08:00:00,5.5,4.6,0.0,2.97,0.0
2024-11-15 09:00:00,6.0,4.1,0.1,2.81,0.0
2024-11-15 10:00:00,6.6,3.2,0.0,2.84,0.0
2024-11-15 11:00:00,7.2,2.7,0.0,2.8,1776.57
2024-11-15 12:00:00,7.1,2.6,0.0,2.68,0.0
2024-11-15 13:00:00,7.3,3.7,0.0,2.48,0.0
2024-11-15 14:00:00,6.9,3.9,0.0,2.57,0.0
2024-11-15 15:00:00,6.4,4.1,0.0,2.85,0.0
2024-11-15 16:00:00,5.9,4.2,0.0,2.99,0.0
2024-11-15 17:00:00,5.3,4.3,0.0,2.95,0.0
2024-11-15 18:00:00,4.8,4.0,0.0,2.93,0.0
2024-11-15 19:00:00,4.4,3.7,0.0,2.93,0.0
2024-11-15 20:00:00,4.2,3.4,0.0,3.02,0.0
2024-11-15 21:00:00,4.4,3.4,0.0,2.94,0.0
2024-11-15 22:00:00,4.3,3.3,0.0,2.79,0.0
2024-11-15 23:00:00,4.3,3.1,0.0,2.61,0.0
2024-11-16 00:00:00,4.3,3.0,0.0,2.72,0.0
2024-11-16 01:00:00,5.0,2.7,0.0,3.27,0.0
2024-11-16 02:00:00,3.8,2.1,0.0,3.03,0.0
2024-11-16 03:00:00,2.7,1.5,0.0,2.74,0.0
2024-11-16 04:00:00,2.2,1.0,0.0,2.74,0.0
2024-11-16 05:00:00,2.0,0.7,0.0,2.83,0.0
2024-11-16 06:00:00,1.9,0.6,0.0,2.82,0.0
2024-11-16 07:00:00,2.5,1.0,0.0,2.85,3518.54
2024-11-16 08:00:00,3.8,1.4,0.0,2.33,3600.0
2024-11-16 09:00:00,5.3,1.7,0.0,2.19,3600.0
2024-11-16 10:00:00,6.8,2.1,0.0,2.59,3600.0
2024-11-16 11:00:00,8.0,2.5,0.0,2.73,3600.0
2024-11-16 12:00:00,8.6,2.6,0.0,2.53,3600.0
2024-11-16 13:00:00,8.8,3.1,0.0,2.47,3600.0
2024-11-16 14:00:00,8.1,3.1,0.0,2.16,3600.0
2024-11-16 15:00:00,6.7,2.7,0.0,2.47,2884.81
2024-11-16 16:00:00,5.6,2.3,0.0,2.77,0.0
2024-11-16 17:00:00,4.8,1.7,0.0,2.5,0.0
2024-11-16 18:00:00,4.1,1.3,0.0,2.23,0.0
2024-11-16 19:00:00,3.7,1.1,0.0,2.25,0.0
2024-11-16 20:00:00,3.8,1.1,0.0,2.74,0.0
2024-11-16 21:00:00,3.8,1.2,0.0,3.2,0.0
2024-11-16 22:00:00,3.4,1.2,0.0,3.12,0.0
2024-11-16 23:00:00,3.0,1.0,0.0,2.76,0.0
2024-11-17 00:00:00,2.6,0.6,0.0,2.43,0.0
2024-11-17 01:00:00,2.5,0.1,0.0,2.24,0.0
2024-11-17 02:00:00,2.2,-0.4,0.0,2.04,0.0
2024-11-17 03:00:00,2.5,-0.8,0.0,2.42,0.0
2024-11-17 04:00:00,2.8,-0.6,0.0,3.43,0.0
2024-11-17 05:00:00,2.5,-0.7,0.0,3.72,0.0
2024-11-17 06:00:00,2.2,-0.9,0.0,3.49,0.0
2024-11-17 07:00:00,2.9,-0.7,0.0,3.62,3419.71
2024-11-17 08:00:00,4.6,-0.5,0.0,4.5,3600.0
2024-11-17 09:00:00,5.8,0.0,0.0,4.14,3600.0
2024-11-17 10:00:00,6.4,0.4,0.0,4.4,3600.0
2024-11-17 11:00:00,7.3,0.3,0.0,6.36,3600.0
2024-11-17 12:00:00,7.3,0.2,0.0,6.51,3600.0
2024-11-17 13:00:00,6.7,0.6,0.0,5.99,3600.0
2024-11-17 14:00:00,6.1,0.6,0.0,5.19,3600.0
2024-11-17 15:00:00,5.4,0.4,0.0,4.74,317.97
2024-11-17 16:00:00,5.0,0.2,0.0,5.19,0.0
2024-11-17 17:00:00,4.2,0.0,0.0,5.1,0.0
2024-11-17 18:00:00,3.4,0.2,0.0,4.65,0.0
2024-11-17 19:00:00,3.4,0.6,0.1,4.54,0.0
2024-11-17 20:00:00,3.7,0.8,0.0,5.05,0.0
2024-11-17 21:00:00,3.8,1.1,0.0,4.9,0.0
2024-11-17 22:00:00,3.9,1.4,0.1,4.76,0.0
2024-11-17 23:00:00,4.2,1.9,0.1,4.88,0.0
2024-11-18 00:00:00,4.5,2.0,0.0,4.81,0.0
2024-11-18 01:00:00,4.2,2.2,0.0,4.84,0.0
2024-11-18 02:00:00,4.1,2.1,0.0,5.06,0.0
2024-11-18 03:00:00,4.0,1.9,0.0,5.06,0.0
2024-11-18 04:00:00,3.9,1.6,0.0,4.89,0.0
2024-11-18 05:00:00,3.6,1.3,0.0,4.65,0.0
2024-11-18 06:00:00,3.2,1.2,0.0,4.52,0.0
2024-11-18 07:00:00,3.6,1.2,0.0,4.32,3321.53
2024-11-18 08:00:00,4.9,1.2,0.0,4.84,3600.0
2024-11-18 09:00:00,5.5,1.6,0.1,5.23,3340.47
2024-11-18 10:00:00,5.3,1.9,0.5,5.72,0.0
2024-11-18 11:00:00,5.2,3.0,0.6,4.79,0.0
2024-11-18 12:00:00,5.6,3.1,0.3,4.59,0.0
2024-11-18 13:00:00,5.7,2.6,0.1,7.79,379.73
2024-11-18 14:00:00,5.3,1.5,0.0,8.11,3600.0
2024-11-18 15:00:00,3.9,1.5,0.0,4.08,0.0
2024-11-18 16:00:00,3.1,1.0,0.1,3.94,0.0
2024-11-18 17:00:00,2.2,0.2,0.1,3.64,0.0
2024-11-18 18:00:00,1.7,-1.2,0.0,3.1,0.0
2024-11-18 19:00:00,1.6,-0.4,0.0,3.72,0.0
2024-11-18 20:00:00,2.1,0.9,0.0,4.17,0.0
2024-11-18 21:00:00,2.1,1.1,0.0,4.14,0.0
2024-11-18 22:00:00,1.9,1.0,0.0,4.07,0.0
2024-11-18 23:00:00,1.6,0.9,0.0,3.95,0.0
2024-11-19 00:00:00,1.2,0.6,0.0,3.53,0.0
2024-11-19 01:00:00,1.0,0.3,0.0,2.88,0.0
2024-11-19 02:00:00,0.8,0.1,0.0,2.69,0.0
2024-11-19 03:00:00,0.5,-0.4,0.0,2.37,0.0
2024-11-19 04:00:00,-0.3,-1.3,0.0,1.69,0.0
2024-11-19 05:00:00,-0.9,-2.0,0.0,1.59,0.0
2024-11-19 06:00:00,-0.1,-1.5,0.0,1.12,0.0
2024-11-19 07:00:00,1.9,-0.1,0.0,1.25,0.0
2024-11-19 08:00:00,3.5,1.1,0.0,1.5,3600.0
2024-11-19 09:00:00,5.4,2.3,0.0,1.56,3194.9
2024-11-19 10:00:00,7.4,2.2,0.0,1.75,2230.4
2024-11-19 11:00:00,6.8,2.9,0.3,2.23,0.0
2024-11-19 12:00:00,8.1,3.0,0.0,3.26,0.0
2024-11-19 13:00:00,8.8,3.7,0.0,4.63,0.0
2024-11-19 14:00:00,9.0,3.9,0.0,4.08,0.0
2024-11-19 15:00:00,8.8,4.2,0.0,4.15,0.0
2024-11-19 16:00:00,9.5,4.4,0.0,6.16,0.0
2024-11-19 17:00:00,9.7,4.1,0.0,6.38,0.0
2024-11-19 18:00:00,9.1,3.9,0.0,5.72,0.0
2024-11-19 19:00:00,8.8,3.9,0.0,5.28,0.0
2024-11-19 20:00:00,8.4,3.8,0.0,4.06,0.0
2024-11-19 21:00:00,8.6,3.7,0.0,4.59,0.0
2024-11-19 22:00:00,8.9,3.1,0.0,5.4,0.0
2024-11-19 23:00:00,9.1,3.2,0.0,5.21,0.0
2024-11-20 00:00:00,8.9,3.2,0.0,4.57,0.0
2024-11-20 01:00:00,9.3,3.9,0.0,3.61,0.0
2024-11-20 02:00:00,7.6,3.7,0.0,0.85,0.0
2024-11-20 03:00:00,8.4,4.4,0.0,2.09,0.0
2024-11-20 04:00:00,8.6,4.7,0.0,3.34,0.0
2024-11-20 05:00:00,8.8,5.0,0.1,3.89,0.0
2024-11-20 06:00:00,7.8,6.2,1.2,3.49,0.0
2024-11-20 07:00:00,7.0,6.2,2.8,5.81,0.0
2024-11-20 08:00:00,2.9,1.9,1.3,6.47,0.0
2024-11-20 09:00:00,3.0,1.4,0.5,4.52,0.0
2024-11-20 10:00:00,2.8,1.4,0.2,3.71,0.0
2024-11-20 11:00:00,2.7,0.4,0.1,4.46,0.0
2024-11-20 12:00:00,3.2,-1.0,0.0,5.3,0.0
2024-11-20 13:00:00,2.8,-0.9,0.0,5.89,0.0
2024-11-20 14:00:00,2.5,-0.5,0.0,4.27,0.0
2024-11-20 15:00:00,2.2,-0.6,0.0,4.8,0.0
2024-11-20 16:00:00,1.4,-1.4,0.0,4.69,0.0
2024-11-20 17:00:00,1.0,-1.8,0.0,4.3,0.0
2024-11-20 18:00:00,0.2,-1.7,0.0,3.43,0.0
2024-11-20 19:00:00,-0.4,-1.7,0.0,3.11,0.0
2024-11-20 20:00:00,-0.7,-2.0,0.0,3.57,0.0
2024-11-20 21:00:00,-0.7,-2.9,0.0,3.72,0.0
2024-11-20 22:00:00,-0.9,-3.3,0.0,4.04,0.0
2024-11-20 23:00:00,-0.8,-3.3,0.0,4.2,0.0
2024-11-21 00:00:00,-0.9,-3.3,0.0,4.21,0.0
2024-11-21 01:00:00,0.4,-2.0,0.0,4.38,0.0
2024-11-21 02:00:00,0.2,-2.1,0.0,4.07,0.0
2024-11-21 03:00:00,-0.7,-2.3,0.0,3.34,0.0
2024-11-21 04:00:00,0.2,-2.5,0.0,4.14,0.0
2024-11-21 05:00:00,0.2,-2.8,0.0,4.51,0.0
2024-11-21 06:00:00,0.0,-2.8,0.0,4.91,0.0
2024-11-21 07:00:00,0.8,-2.6,0.0,4.8,0.0
2024-11-21 08:00:00,1.3,-2.5,0.0,4.85,0.0
2024-11-21 09:00:00,2.0,-3.2,0.0,6.06,0.0
2024-11-21 10:00:00,2.6,-3.8,0.0,6.22,2983.25
2024-11-21 11:00:00,2.8,-3.5,0.0,6.15,3600.0
2024-11-21 12:00:00,2.8,-3.7,0.0,6.28,3600.0
2024-11-21 13:00:00,2.4,-2.4,0.0,4.78,107.34
2024-11-21 14:00:00,1.6,-2.2,0.0,4.79,3600.0
2024-11-21 15:00:00,0.9,-3.2,0.0,4.23,2537.61
2024-11-21 16:00:00,0.5,-4.2,0.0,3.92,0.0
2024-11-21 17:00:00,-0.5,-4.7,0.0,3.34,0.0
2024-11-21 18:00:00,-1.1,-5.1,0.0,2.74,0.0
2024-11-21 19:00:00,-1.6,-5.2,0.0,1.86,0.0
2024-11-21 20:00:00,-1.6,-5.3,0.0,1.71,0.0
2024-11-21 21:00:00,-1.1,-5.4,0.0,1.84,0.0
2024-11-21 22:00:00,-0.6,-5.3,0.0,2.24,0.0
2024-11-21 23:00:00,-0.9,-5.8,0.0,2.9,0.0
2024-11-22 00:00:00,-0.6,-5.7,0.0,2.57,0.0
2024-11-22 01:00:00,0.0,-3.6,0.2,2.33,0.0
2024-11-22 02:00:00,0.1,-3.0,0.3,2.21,0.0
2024-11-22 03:00:00,0.3,-2.6,0.3,2.2,0.0
2024-11-22 04:00:00,0.5,-2.2,0.2,2.01,0.0
2024-11-22 05:00:00,0.2,-1.9,0.1,1.43,0.0
2024-11-22 06:00:00,0.1,-1.6,0.2,0.68,0.0
2024-11-22 07:00:00,0.1,-1.2,0.2,1.12,0.0
2024-11-22 08:00:00,0.6,-0.9,0.1,1.86,0.0
2024-11-22 09:00:00,1.4,-0.9,0.0,3.27,0.0
2024-11-22 10:00:00,2.0,-1.2,0.0,3.29,0.0
2024-11-22 11:00:00,2.3,-2.1,0.0,3.59,0.0
2024-11-22 12:00:00,2.4,-2.9,0.0,3.54,1962.53
2024-11-22 13:00:00,1.3,-2.4,0.0,2.73,0.0
2024-11-22 14:00:00,0.8,-2.9,0.0,2.28,0.0
2024-11-22 15:00:00,0.2,-2.9,0.0,2.16,0.0
2024-11-22 16:00:00,-0.4,-2.7,0.0,2.38,0.0
2024-11-22 17:00:00,-1.6,-3.1,0.0,2.8,0.0
2024-11-22 18:00:00,-1.2,-2.6,0.0,3.06,0.0
2024-11-22 19:00:00,-1.4,-2.9,0.0,3.23,0.0
2024-11-22 20:00:00,-2.1,-3.5,0.0,3.37,0.0
2024-11-22 21:00:00,-1.5,-2.9,0.0,3.52,0.0
2024-11-22 22:00:00,-1.8,-3.2,0.0,3.27,0.0
2024-11-22 23:00:00,-1.7,-3.2,0.0,2.79,0.0
2024-11-23 00:00:00,-0.9,-2.5,0.2,3.17,0.0
2024-11-23 01:00:00,-0.6,-2.7,0.4,3.19,0.0
2024-11-23 02:00:00,-0.4,-2.5,0.0,3.87,0.0
2024-11-23 03:00:00,0.1,-2.5,0.0,4.23,0.0
2024-11-23 04:00:00,0.2,-2.5,0.0,4.27,0.0
2024-11-23 05:00:00,0.2,-2.5,0.0,4.33,0.0
2024-11-23 06:00:00,-0.2,-2.7,0.0,4.46,0.0
2024-11-23 07:00:00,0.5,-2.3,0.0,4.67,0.0
2024-11-23 08:00:00,1.1,-1.8,0.0,4.29,0.0
2024-11-23 09:00:00,1.4,-1.5,0.0,4.79,0.0
2024-11-23 10:00:00,1.7,-3.0,0.0,5.6,3600.0
2024-11-23 11:00:00,1.7,-4.0,0.0,5.51,105.64
2024-11-23 12:00:00,1.9,-3.8,0.0,4.99,3600.0
2024-11-23 13:00:00,1.4,-1.7,0.0,4.64,0.0
2024-11-23 14:00:00,1.4,-2.1,0.0,5.22,0.0
2024-11-23 15:00:00,1.4,-2.4,0.0,5.16,0.0
2024-11-23 16:00:00,0.3,-2.9,0.0,5.41,0.0
2024-11-23 17:00:00,-0.5,-3.5,0.0,4.97,0.0
2024-11-23 18:00:00,-0.7,-3.9,0.0,4.5,0.0
2024-11-23 19:00:00,-1.1,-4.6,0.0,3.79,0.0
2024-11-23 20:00:00,-1.2,-5.1,0.0,3.53,0.0
2024-11-23 21:00:00,-1.4,-5.0,0.0,2.92,0.0
2024-11-23 22:00:00,-1.4,-4.8,0.0,2.53,0.0
2024-11-23 23:00:00,-1.4,-5.0,0.0,2.53,0.0
2024-11-24 00:00:00,-1.5,-5.1,0.0,1.81,0.0
2024-11-24 01:00:00,-1.5,-5.1,0.0,1.51,0.0
2024-11-24 02:00:00,-0.8,-5.0,0.0,1.0,0.0
2024-11-24 03:00:00,-0.7,-5.3,0.0,1.17,0.0
2024-11-24 04:00:00,0.4,-4.7,0.0,0.69,0.0
2024-11-24 05:00:00,0.7,-4.6,0.0,0.32,0.0
2024-11-24 06:00:00,1.2,-4.1,0.0,0.25,0.0
2024-11-24 07:00:00,2.0,-4.6,0.0,0.99,0.0
2024-11-24 08:00:00,2.9,-3.4,0.0,1.05,0.0
2024-11-24 09:00:00,4.1,-2.2,0.0,0.25,0.0
2024-11-24 10:00:00,4.3,-2.8,0.1,1.22,0.0
2024-11-24 11:00:00,4.1,-1.4,0.0,3.15,0.0
2024-11-24 12:00:00,4.5,-0.6,0.0,3.8,0.0
2024-11-24 13:00:00,4.3,0.3,0.0,4.24,0.0
2024-11-24 14:00:00,4.5,0.1,0.0,4.16,0.0
2024-11-24 15:00:00,4.3,-0.1,0.0,3.53,0.0
2024-11-24 16:00:00,4.1,0.1,0.0,2.74,0.0
2024-11-24 17:00:00,3.7,0.1,0.0,2.18,0.0
2024-11-24 18:00:00,3.6,0.2,0.0,2.29,0.0
2024-11-24 19:00:00,3.9,0.4,0.0,2.42,0.0
2024-11-24 20:00:00,3.8,0.4,0.0,2.42,0.0
2024-11-24 21:00:00,3.4,0.1,0.0,1.93,0.0
2024-11-24 22:00:00,2.3,-0.5,0.0,1.1,0.0
2024-11-24 23:00:00,1.7,-0.6,0.0,0.96,0.0
2024-11-25 00:00:00,1.3,-0.7,0.0,0.81,0.0
2024-11-25 01:00:00,1.4,-0.7,0.0,0.52,0.0
2024-11-25 02:00:00,1.3,-0.7,0.0,0.16,0.0
2024-11-25 03:00:00,0.5,-0.9,0.0,0.76,0.0
2024-11-25 04:00:00,0.7,-0.8,0.0,1.11,0.0
2024-11-25 05:00:00,0.7,-0.8,0.0,1.08,0.0
2024-11-25 06:00:00,0.7,-0.9,0.0,1.01,0.0
2024-11-25 07:00:00,1.3,-0.3,0.0,1.28,894.58
2024-11-25 08:00:00,2.8,0.8,0.0,1.84,3600.0
2024-11-25 09:00:00,4.7,1.9,0.0,1.79,3600.0
2024-11-25 10:00:00,6.7,3.6,0.0,1.32,3600.0
2024-11-25 11:00:00,8.6,5.0,0.0,1.06,3600.0
2024-11-25 12:00:00,9.9,6.0,0.0,1.28,3600.0
2024-11-25 13:00:00,10.4,6.7,0.0,1.52,3600.0
2024-11-25 14:00:00,9.2,5.8,0.0,2.11,3600.0
2024-11-25 15:00:00,7.9,4.6,0.0,1.98,1065.18
2024-11-25 16:00:00,6.5,3.6,0.0,1.18,0.0
2024-11-25 17:00:00,6.0,2.7,0.0,0.25,0.0
2024-11-25 18:00:00,6.0,2.4,0.0,0.29,0.0
2024-11-25 19:00:00,5.6,1.8,0.0,0.58,0.0
2024-11-25 20:00:00,4.1,1.0,0.0,1.17,0.0
2024-11-25 21:00:00,3.2,0.5,0.0,1.73,0.0
2024-11-25 22:00:00,2.3,-0.2,0.0,1.35,0.0
2024-11-25 23:00:00,2.0,-0.3,0.0,0.85,0.0
2024-11-26 00:00:00,2.1,-0.3,0.0,0.61,0.0
2024-11-26 01:00:00,2.5,-1.1,0.0,0.28,0.0
2024-11-26 02:00:00,2.3,-1.0,0.0,0.14,0.0
2024-11-26 03:00:00,1.6,-1.2,0.0,0.05,0.0
2024-11-26 04:00:00,0.9,-1.6,0.0,0.45,0.0
2024-11-26 05:00:00,0.6,-2.0,0.0,0.53,0.0
2024-11-26 06:00:00,1.1,-1.9,0.0,0.3,0.0
2024-11-26 07:00:00,2.0,-0.6,0.0,1.18,2578.79
2024-11-26 08:00:00,3.9,1.6,0.0,2.16,3600.0
2024-11-26 09:00:00,5.3,2.7,0.0,2.2,3600.0
2024-11-26 10:00:00,6.7,3.3,0.0,3.08,3600.0
2024-11-26 11:00:00,7.6,3.7,0.0,3.05,3600.0
2024-11-26 12:00:00,8.4,4.0,0.0,3.57,3600.0
2024-11-26 13:00:00,8.5,4.1,0.0,4.19,3600.0
2024-11-26 14:00:00,7.9,4.0,0.0,3.76,3505.59
2024-11-26 15:00:00,7.5,4.1,0.0,4.16,0.0
2024-11-26 16:00:00,6.8,4.5,0.0,4.1,0.0
2024-11-26 17:00:00,6.3,4.9,0.2,4.0,0.0
2024-11-26 18:00:00,6.2,5.3,0.0,3.96,0.0
2024-11-26 19:00:00,6.1,5.5,0.0,3.56,0.0
2024-11-26 20:00:00,6.1,5.5,0.0,3.27,0.0
2024-11-26 21:00:00,6.0,5.4,0.0,3.18,0.0
2024-11-26 22:00:00,5.9,5.4,0.0,3.19,0.0
2024-11-26 23:00:00,5.7,5.3,0.0,3.03,0.0
2024-11-27 00:00:00,5.5,5.1,0.0,2.71,0.0
2024-11-27 01:00:00,5.3,5.1,0.0,2.4,0.0
2024-11-27 02:00:00,4.6,4.3,0.0,2.1,0.0
2024-11-27 03:00:00,4.0,3.6,0.0,1.82,0.0
2024-11-27 04:00:00,2.9,2.5,0.0,1.75,0.0
2024-11-27 05:00:00,1.9,1.9,0.0,2.05,0.0
2024-11-27 06:00:00,1.8,1.8,0.0,2.33,0.0
2024-11-27 07:00:00,1.9,1.8,0.0,2.44,97.4
2024-11-27 08:00:00,2.4,2.1,0.0,2.69,1647.44
2024-11-27 09:00:00,3.1,2.7,0.0,2.83,2425.87
2024-11-27 10:00:00,4.7,3.3,0.0,3.15,3600.0
2024-11-27 11:00:00,5.9,4.0,0.0,2.38,3600.0
2024-11-27 12:00:00,6.9,4.3,0.0,2.35,3600.0
2024-11-27 13:00:00,7.5,4.7,0.0,2.44,3600.0
2024-11-27 14:00:00,7.0,4.6,0.0,1.76,3600.0
2024-11-27 15:00:00,5.0,3.3,0.0,1.28,1128.62
2024-11-27 16:00:00,4.4,2.9,0.0,0.79,0.0
2024-11-27 17:00:00,3.5,2.4,0.0,0.86,0.0
2024-11-27 18:00:00,2.6,2.0,0.0,0.53,0.0
2024-11-27 19:00:00,1.9,1.6,0.0,0.5,0.0
2024-11-27 20:00:00,1.4,1.1,0.0,0.55,0.0
2024-11-27 21:00:00,1.0,0.8,0.0,0.32,0.0
2024-11-27 22:00:00,0.8,0.6,0.0,0.3,0.0
2024-11-27 23:00:00,1.2,0.5,0.0,0.55,0.0
2024-11-28 00:00:00,1.2,0.3,0.0,0.47,0.0
2024-11-28 01:00:00,3.0,-0.2,0.0,1.14,0.0
2024-11-28 02:00:00,2.6,-0.5,0.0,1.48,0.0
2024-11-28 03:00:00,2.3,-0.2,0.0,1.43,0.0
2024-11-28 04:00:00,2.1,-0.3,0.0,1.01,0.0
2024-11-28 05:00:00,2.5,0.2,0.0,1.08,0.0
2024-11-28 06:00:00,3.8,0.9,0.1,0.32,0.0
2024-11-28 07:00:00,4.6,1.9,0.5,1.59,0.0
2024-11-28 08:00:00,5.7,4.0,0.9,3.02,0.0
2024-11-28 09:00:00,6.4,5.1,0.8,3.45,0.0
2024-11-28 10:00:00,7.3,5.8,0.3,5.5,0.0
2024-11-28 11:00:00,7.4,5.6,0.5,5.77,0.0
2024-11-28 12:00:00,7.7,5.1,0.3,6.32,0.0
2024-11-28 13:00:00,7.8,4.8,0.1,6.33,0.0
2024-11-28 14:00:00,7.6,4.5,0.1,5.75,0.0
2024-11-28 15:00:00,6.7,4.2,0.3,5.8,0.0
2024-11-28 16:00:00,5.8,3.5,0.0,5.3,0.0
2024-11-28 17:00:00,5.4,2.9,0.0,4.97,0.0
2024-11-28 18:00:00,5.4,2.4,0.0,5.13,0.0
2024-11-28 19:00:00,5.3,1.8,0.0,5.38,0.0
2024-11-28 20:00:00,5.5,1.7,0.0,5.17,0.0
2024-11-28 21:00:00,5.7,1.5,0.0,5.18,0.0
2024-11-28 22:00:00,5.6,1.5,0.0,5.18,0.0
2024-11-28 23:00:00,5.4,1.9,0.0,4.81,0.0
2024-11-29 00:00:00,4.9,2.4,0.1,4.68,0.0
2024-11-29 01:00:00,5.0,3.3,0.1,4.44,0.0
2024-11-29 02:00:00,4.7,3.5,0.2,4.32,0.0
2024-11-29 03:00:00,4.1,3.2,0.3,4.21,0.0
2024-11-29 04:00:00,3.5,2.9,0.4,3.69,0.0
2024-11-29 05:00:00,3.3,2.8,0.4,2.99,0.0
2024-11-29 06:00:00,3.3,2.7,0.6,2.72,0.0
2024-11-29 07:00:00,3.4,2.8,0.3,2.33,0.0
2024-11-29 08:00:00,4.0,3.3,0.2,2.12,0.0
2024-11-29 09:00:00,4.5,3.1,0.1,3.07,0.0
2024-11-29 10:00:00,4.7,3.2,0.0,2.75,0.0
2024-11-29 11:00:00,5.2,3.2,0.0,2.33,0.0
2024-11-29 12:00:00,5.3,3.2,0.1,2.4,0.0
2024-11-29 13:00:00,5.3,3.6,0.1,3.87,0.0
2024-11-29 14:00:00,5.1,3.5,0.0,3.69,0.0
2024-11-29 15:00:00,4.7,3.5,0.0,3.77,0.0
2024-11-29 16:00:00,4.4,2.3,0.0,3.82,0.0
2024-11-29 17:00:00,4.0,2.4,0.0,3.53,0.0
2024-11-29 18:00:00,4.1,3.1,0.0,3.52,0.0
2024-11-29 19:00:00,4.4,3.4,0.0,3.53,0.0
2024-11-29 20:00:00,4.1,3.1,0.2,3.58,0.0
2024-11-29 21:00:00,4.3,3.6,0.1,2.87,0.0
2024-11-29 22:00:00,4.3,3.6,0.0,2.55,0.0
2024-11-29 23:00:00,4.2,3.6,0.0,1.98,0.0
2024-11-30 00:00:00,4.0,3.6,0.0,1.66,0.0
2024-11-30 01:00:00,3.9,3.2,0.0,2.48,0.0
2024-11-30 02:00:00,4.3,3.4,0.1,2.23,0.0
2024-11-30 03:00:00,3.9,3.1,0.0,2.4,0.0
2024-11-30 04:00:00,3.1,2.4,0.0,2.29,0.0
2024-11-30 05:00:00,2.5,1.8,0.0,1.42,0.0
2024-11-30 06:00:00,3.2,2.4,0.0,1.45,0.0
2024-11-30 07:00:00,3.6,2.5,0.0,1.46,0.0
2024-11-30 08:00:00,3.9,2.5,0.0,1.11,0.0
2024-11-30 09:00:00,4.2,2.5,0.0,0.89,0.0
2024-11-30 10:00:00,4.9,2.4,0.0,1.57,3153.42
2024-11-30 11:00:00,5.5,1.8,0.0,2.0,3600.0
2024-11-30 12:00:00,5.7,0.6,0.0,2.36,3600.0
2024-11-30 13:00:00,5.9,1.5,0.0,2.25,0.0
2024-11-30 14:00:00,5.5,2.1,0.0,1.92,0.0
2024-11-30 15:00:00,4.9,2.3,0.0,1.98,0.0
2024-11-30 16:00:00,4.6,2.4,0.0,2.1,0.0
2024-11-30 17:00:00,4.3,2.6,0.0,2.2,0.0
2024-11-30 18:00:00,4.3,2.7,0.0,2.4,0.0
2024-11-30 19:00:00,4.3,2.7,0.0,2.66,0.0
2024-11-30 20:00:00,4.2,2.4,0.0,2.68,0.0
2024-11-30 21:00:00,3.7,2.1,0.0,2.55,0.0
2024-11-30 22:00:00,2.9,1.7,0.0,2.28,0.0
2024-11-30 23:00:00,2.2,1.2,0.0,2.01,0.0
2024-12-01 00:00:00,1.6,0.9,0.0,1.97,0.0
2024-12-01 01:00:00,1.8,1.4,0.0,2.16,0.0
2024-12-01 02:00:00,1.8,1.4,0.0,1.67,0.0
2024-12-01 03:00:00,1.6,1.3,0.0,1.11,0.0
2024-12-01 04:00:00,1.0,0.9,0.0,0.56,0.0
2024-12-01 05:00:00,0.8,0.8,0.0,0.22,0.0
2024-12-01 06:00:00,0.9,0.9,0.0,0.05,0.0
2024-12-01 07:00:00,0.8,0.7,0.0,0.4,0.0
2024-12-01 08:00:00,1.0,0.7,0.0,0.45,0.0
2024-12-01 09:00:00,1.5,1.1,0.0,0.95,162.59
2024-12-01 10:00:00,2.4,1.8,0.0,1.3,3304.71
2024-12-01 11:00:00,3.4,2.1,0.0,1.2,3600.0
2024-12-01 12:00:00,4.3,2.4,0.0,1.19,3600.0
2024-12-01 13:00:00,4.2,2.4,0.0,1.27,3600.0
2024-12-01 14:00:00,3.9,2.2,0.0,1.37,3600.0
2024-12-01 15:00:00,3.2,1.5,0.0,1.58,782.5
2024-12-01 16:00:00,2.5,1.2,0.0,1.68,0.0
2024-12-01 17:00:00,1.9,1.0,0.0,1.77,0.0
2024-12-01 18:00:00,1.3,0.7,0.0,1.39,0.0
2024-12-01 19:00:00,0.6,0.1,0.0,1.05,0.0
2024-12-01 20:00:00,0.5,0.1,0.0,0.45,0.0
2024-12-01 21:00:00,0.6,0.5,0.0,0.11,0.0
2024-12-01 22:00:00,0.4,0.3,0.0,0.32,0.0
2024-12-01 23:00:00,0.4,0.2,0.0,0.5,0.0
2024-12-02 00:00:00,0.1,-0.2,0.0,0.76,0.0
2024-12-02 01:00:00,0.1,-0.1,0.0,0.18,0.0
2024-12-02 02:00:00,-0.2,-0.3,0.0,0.15,0.0
2024-12-02 03:00:00,-0.3,-0.3,0.0,0.16,0.0
2024-12-02 04:00:00,-0.4,-0.5,0.0,0.25,0.0
2024-12-02 05:00:00,-0.3,-0.4,0.0,0.3,0.0
2024-12-02 06:00:00,-0.6,-0.7,0.0,0.36,0.0
2024-12-02 07:00:00,-0.4,-0.4,0.0,0.73,0.0
2024-12-02 08:00:00,0.2,0.0,0.0,0.7,0.0
2024-12-02 09:00:00,1.5,0.8,0.0,0.97,1776.92
2024-12-02 10:00:00,2.7,1.6,0.0,1.23,3600.0
2024-12-02 11:00:00,3.8,2.1,0.0,0.93,3600.0
2024-12-02 12:00:00,4.7,2.4,0.0,0.65,3600.0
2024-12-02 13:00:00,4.4,2.9,0.0,0.54,3600.0
2024-12-02 14:00:00,3.5,2.4,0.0,0.55,3600.0
2024-12-02 15:00:00,2.3,1.5,0.0,0.5,349.9
2024-12-02 16:00:00,1.6,1.0,0.0,0.57,0.0
2024-12-02 17:00:00,1.1,0.3,0.0,0.74,0.0
2024-12-02 18:00:00,0.7,-0.5,0.0,1.0,0.0
2024-12-02 19:00:00,0.4,-1.2,0.0,1.05,0.0
2024-12-02 20:00:00,0.1,-1.7,0.0,0.75,0.0
2024-12-02 21:00:00,-0.3,-2.0,0.0,0.6,0.0
2024-12-02 22:00:00,-0.6,-2.3,0.0,0.52,0.0
2024-12-02 23:00:00,-0.9,-2.4,0.0,0.72,0.0
2024-12-03 00:00:00,-1.0,-2.5,0.0,0.82,0.0
2024-12-03 01:00:00,-0.3,-2.3,0.0,0.3,0.0
2024-12-03 02:00:00,-0.7,-2.3,0.0,0.32,0.0
2024-12-03 03:00:00,-1.1,-2.5,0.0,0.5,0.0
2024-12-03 04:00:00,-1.3,-2.7,0.0,0.67,0.0
2024-12-03 05:00:00,-2.1,-3.3,0.0,0.81,0.0
2024-12-03 06:00:00,-2.4,-3.5,0.0,1.3,0.0
2024-12-03 07:00:00,-1.3,-2.4,0.0,2.05,1267.72
2024-12-03 08:00:00,0.3,-1.0,0.0,2.33,3600.0
2024-12-03 09:00:00,2.4,-0.1,0.0,2.89,3600.0
2024-12-03 10:00:00,3.4,0.6,0.0,2.24,3600.0
2024-12-03 11:00:00,4.1,0.7,0.0,1.73,3600.0
2024-12-03 12:00:00,4.4,0.7,0.0,1.25,3600.0
2024-12-03 13:00:00,4.1,1.1,0.0,0.83,3600.0
2024-12-03 14:00:00,2.4,0.0,0.0,0.6,3600.0
2024-12-03 15:00:00,1.1,-1.1,0.0,1.3,368.09
2024-12-03 16:00:00,1.0,-1.3,0.0,1.77,0.0
2024-12-03 17:00:00,0.9,-1.3,0.0,2.62,0.0
2024-12-03 18:00:00,0.6,-1.5,0.0,2.67,0.0
2024-12-03 19:00:00,0.3,-1.6,0.0,2.13,0.0
2024-12-03 20:00:00,0.6,-1.2,0.0,1.74,0.0
2024-12-03 21:00:00,1.0,-0.8,0.0,1.54,0.0
2024-12-03 22:00:00,1.4,-0.6,0.0,1.77,0.0
2024-12-03 23:00:00,1.7,-0.4,0.0,2.04,0.0
2024-12-04 00:00:00,1.8,0.1,0.1,2.21,0.0
2024-12-04 01:00:00,2.8,1.6,0.1,2.51,0.0
2024-12-04 02:00:00,2.7,1.9,0.1,2.52,0.0
2024-12-04 03:00:00,2.7,2.1,0.1,2.47,0.0
2024-12-04 04:00:00,2.7,2.1,0.1,2.47,0.0
2024-12-04 05:00:00,2.6,2.2,0.2,2.49,0.0
2024-12-04 06:00:00,2.6,2.2,0.1,2.38,0.0
2024-12-04 07:00:00,2.7,2.3,0.0,2.21,0.0
2024-12-04 08:00:00,3.1,2.5,0.0,2.27,0.0
2024-12-04 09:00:00,3.2,2.9,0.1,2.02,0.0
2024-12-04 10:00:00,3.7,2.9,0.1,2.05,0.0
2024-12-04 11:00:00,4.1,3.1,0.1,2.11,0.0
2024-12-04 12:00:00,4.5,3.4,0.0,1.74,0.0
2024-12-04 13:00:00,4.8,3.4,0.0,1.65,0.0
2024-12-04 14:00:00,4.7,3.1,0.0,1.34,0.0
2024-12-04 15:00:00,4.5,2.7,0.0,1.35,0.0
2024-12-04 16:00:00,4.2,2.4,0.0,1.5,0.0
2024-12-04 17:00:00,4.0,2.2,0.0,1.5,0.0
2024-12-04 18:00:00,3.8,2.2,0.0,1.28,0.0
2024-12-04 19:00:00,3.4,2.3,0.0,0.97,0.0
2024-12-04 20:00:00,3.0,2.0,0.0,0.85,0.0
2024-12-04 21:00:00,2.6,1.8,0.1,0.91,0.0
2024-12-04 22:00:00,2.8,2.0,0.1,1.19,0.0
2024-12-04 23:00:00,2.7,2.1,0.1,1.25,0.0
2024-12-05 00:00:00,2.7,1.7,0.1,1.0,0.0
2024-12-05 01:00:00,0.7,0.6,0.2,0.6,0.0
2024-12-05 02:00:00,0.7,0.7,0.1,0.84,0.0
2024-12-05 03:00:00,0.8,0.7,0.0,0.89,0.0
2024-12-05 04:00:00,0.8,0.2,0.2,0.86,0.0
2024-12-05 05:00:00,1.1,0.6,0.2,0.95,0.0
2024-12-05 06:00:00,1.2,0.8,0.0,1.05,0.0
2024-12-05 07:00:00,1.3,1.1,0.0,1.25,0.0
2024-12-05 08:00:00,1.8,1.6,0.1,1.29,0.0
2024-12-05 09:00:00,2.4,1.7,0.1,1.24,0.0
2024-12-05 10:00:00,2.7,1.9,0.1,1.43,0.0
2024-12-05 11:00:00,3.0,2.0,0.0,1.35,0.0
2024-12-05 12:00:00,3.3,2.1,0.0,1.1,351.43
2024-12-05 13:00:00,3.3,2.2,0.1,0.34,0.0
2024-12-05 14:00:00,3.0,2.1,0.0,0.7,0.0
2024-12-05 15:00:00,2.4,2.1,0.0,1.38,0.0
2024-12-05 16:00:00,2.1,1.8,0.1,1.34,0.0
2024-12-05 17:00:00,2.0,1.7,0.2,0.49,0.0
2024-12-05 18:00:00,1.9,1.6,0.1,0.16,0.0
2024-12-05 19:00:00,1.8,1.6,0.1,0.59,0.0
2024-12-05 20:00:00,2.0,1.6,0.1,1.02,0.0
2024-12-05 21:00:00,1.2,0.8,0.1,0.86,0.0
2024-12-05 22:00:00,0.3,0.1,0.0,1.03,0.0
2024-12-05 23:00:00,0.1,-0.2,0.0,1.54,0.0
2024-12-06 00:00:00,-0.7,-0.8,0.0,0.78,0.0
2024-12-06 01:00:00,-0.2,-0.9,0.0,1.26,0.0
2024-12-06 02:00:00,-0.9,-1.9,0.0,1.44,0.0
2024-12-06 03:00:00,-1.2,-2.2,0.0,1.41,0.0
2024-12-06 04:00:00,-1.3,-2.2,0.0,1.5,0.0
2024-12-06 05:00:00,-1.5,-2.2,0.0,2.07,0.0
2024-12-06 06:00:00,-1.9,-2.4,0.0,1.64,0.0
2024-12-06 07:00:00,-1.4,-2.2,0.0,2.26,477.91
2024-12-06 08:00:00,0.5,-0.7,0.0,2.06,3600.0
2024-12-06 09:00:00,1.7,0.9,0.0,2.69,3600.0
2024-12-06 10:00:00,2.5,1.2,0.0,2.29,3600.0
2024-12-06 11:00:00,3.0,0.8,0.0,1.88,729.04
2024-12-06 12:00:00,3.1,0.2,0.1,1.57,0.0
2024-12-06 13:00:00,2.4,1.4,0.6,1.1,0.0
2024-12-06 14:00:00,1.1,1.1,1.6,1.35,0.0
2024-12-06 15:00:00,0.7,0.7,1.5,1.4,0.0
2024-12-06 16:00:00,0.6,0.6,0.4,1.5,0.0
2024-12-06 17:00:00,0.5,0.4,0.0,0.65,0.0
2024-12-06 18:00:00,0.5,0.3,0.0,0.25,0.0
2024-12-06 19:00:00,0.6,0.3,0.0,0.11,0.0
2024-12-06 20:00:00,0.7,0.3,0.1,0.51,0.0
2024-12-06 21:00:00,0.8,0.3,0.3,0.47,0.0
2024-12-06 22:00:00,0.6,0.2,0.7,0.25,0.0
2024-12-06 23:00:00,-0.1,-0.5,0.0,1.03,0.0
2024-12-07 00:00:00,0.7,0.3,0.0,0.65,0.0
2024-12-07 01:00:00,1.4,0.5,0.0,0.16,0.0
2024-12-07 02:00:00,1.4,0.5,0.0,0.21,0.0
2024-12-07 03:00:00,1.4,0.7,0.3,0.72,0.0
2024-12-07 04:00:00,1.4,0.8,0.2,0.9,0.0
2024-12-07 05:00:00,1.5,0.9,0.2,1.19,0.0
2024-12-07 06:00:00,1.6,1.0,0.2,1.25,0.0
2024-12-07 07:00:00,1.7,1.2,0.1,1.21,0.0
2024-12-07 08:00:00,1.9,1.5,0.1,1.63,0.0
2024-12-07 09:00:00,2.1,1.8,0.2,1.46,0.0
2024-12-07 10:00:00,2.5,2.2,0.1,0.9,0.0
2024-12-07 11:00:00,3.3,2.2,0.1,0.76,0.0
2024-12-07 12:00:00,3.5,2.6,0.0,1.21,0.0
2024-12-07 13:00:00,3.7,2.9,0.0,1.38,0.0
2024-12-07 14:00:00,3.5,2.8,0.0,1.7,0.0
2024-12-07 15:00:00,3.4,2.8,0.0,2.21,0.0
2024-12-07 16:00:00,3.0,2.5,0.0,2.15,0.0
2024-12-07 17:00:00,2.0,1.5,0.0,1.9,0.0
2024-12-07 18:00:00,1.3,0.8,0.0,2.36,0.0
2024-12-07 19:00:00,-0.3,-0.9,0.0,1.21,0.0
2024-12-07 20:00:00,-1.3,-1.6,0.0,1.22,0.0
2024-12-07 21:00:00,-0.8,-1.2,0.0,1.38,0.0
2024-12-07 22:00:00,-1.0,-1.4,0.0,1.5,0.0
2024-12-07 23:00:00,-1.2,-1.6,0.0,1.31,0.0
2024-12-08 00:00:00,-1.3,-1.7,0.0,0.94,0.0
2024-12-08 01:00:00,-1.1,-1.4,0.0,0.81,0.0
2024-12-08 02:00:00,-1.2,-1.4,0.0,0.97,0.0
2024-12-08 03:00:00,-1.0,-1.2,0.0,0.76,0.0
2024-12-08 04:00:00,-0.9,-1.1,0.0,0.9,0.0
2024-12-08 05:00:00,-1.0,-1.1,0.0,1.19,0.0
2024-12-08 06:00:00,-1.1,-1.2,0.0,1.42,0.0
2024-12-08 07:00:00,-1.2,-1.4,0.0,1.64,0.0
2024-12-08 08:00:00,-1.1,-1.3,0.0,1.57,0.0
2024-12-08 09:00:00,-0.9,-1.3,0.0,1.63,0.0
2024-12-08 10:00:00,-0.4,-0.7,0.0,1.7,0.0
2024-12-08 11:00:00,0.3,-0.4,0.0,1.77,0.0
2024-12-08 12:00:00,1.0,-0.4,0.0,2.51,0.0
2024-12-08 13:00:00,0.8,-0.3,0.0,2.4,0.0
2024-12-08 14:00:00,1.0,-0.3,0.0,2.33,0.0
2024-12-08 15:00:00,1.2,-0.3,0.0,2.3,0.0
2024-12-08 16:00:00,1.3,-0.5,0.0,2.62,0.0
2024-12-08 17:00:00,1.4,-0.6,0.0,2.88,0.0
2024-12-08 18:00:00,1.4,-0.3,0.0,3.11,0.0
2024-12-08 19:00:00,1.7,0.3,0.0,2.93,0.0
2024-12-08 20:00:00,1.7,0.6,0.0,3.01,0.0
2024-12-08 21:00:00,1.6,0.6,0.0,2.98,0.0
2024-12-08 22:00:00,1.6,0.7,0.0,2.69,0.0
2024-12-08 23:00:00,1.5,0.8,0.0,2.62,0.0
2024-12-09 00:00:00,1.7,1.0,0.0,2.45,0.0
2024-12-09 01:00:00,2.1,1.3,0.0,2.68,0.0
2024-12-09 02:00:00,2.3,1.5,0.0,2.64,0.0
2024-12-09 03:00:00,2.4,1.8,0.1,2.74,0.0
2024-12-09 04:00:00,2.6,2.1,0.1,2.94,0.0
2024-12-09 05:00:00,2.8,2.4,0.1,3.08,0.0
2024-12-09 06:00:00,2.9,2.4,0.1,3.49,0.0
2024-12-09 07:00:00,2.9,2.3,0.1,3.79,0.0
2024-12-09 08:00:00,3.0,2.2,0.1,3.91,0.0
2024-12-09 09:00:00,3.0,2.1,0.0,4.05,0.0
2024-12-09 10:00:00,3.2,2.0,0.0,4.25,0.0
2024-12-09 11:00:00,3.2,1.8,0.0,4.06,0.0
2024-12-09 12:00:00,3.4,1.7,0.0,4.49,0.0
2024-12-09 13:00:00,2.8,1.4,0.1,4.37,0.0
2024-12-09 14:00:00,2.2,1.1,0.1,4.76,0.0
2024-12-09 15:00:00,1.9,1.0,0.0,4.42,0.0
2024-12-09 16:00:00,1.9,1.0,0.1,4.29,0.0
2024-12-09 17:00:00,1.9,1.0,0.1,4.35,0.0
2024-12-09 18:00:00,1.9,1.0,0.1,4.13,0.0
2024-12-09 19:00:00,1.8,0.9,0.0,4.15,0.0
2024-12-09 20:00:00,1.8,0.9,0.0,4.0,0.0
2024-12-09 21:00:00,1.7,0.9,0.0,4.1,0.0
2024-12-09 22:00:00,1.5,0.7,0.1,4.11,0.0
2024-12-09 23:00:00,1.2,0.7,0.2,3.87,0.0
2024-12-10 00:00:00,1.1,0.7,1.0,4.19,0.0
2024-12-10 01:00:00,1.0,0.5,0.7,4.6,0.0
2024-12-10 02:00:00,1.0,0.4,0.4,4.37,0.0
2024-12-10 03:00:00,1.0,0.3,0.1,4.11,0.0
2024-12-10 04:00:00,0.9,0.3,0.1,3.93,0.0
2024-12-10 05:00:00,0.9,0.3,0.1,3.86,0.0
2024-12-10 06:00:00,0.9,0.3,0.2,3.88,0.0
2024-12-10 07:00:00,0.8,0.1,0.1,3.84,0.0
2024-12-10 08:00:00,1.0,0.1,0.1,4.01,0.0
2024-12-10 09:00:00,1.0,-0.2,0.1,3.73,0.0
2024-12-10 10:00:00,1.0,-0.4,0.0,3.47,0.0
2024-12-10 11:00:00,1.1,-0.7,0.0,3.35,0.0
2024-12-10 12:00:00,1.1,-1.0,0.0,3.43,0.0
2024-12-10 13:00:00,0.8,-1.3,0.0,2.94,0.0
2024-12-10 14:00:00,0.7,-1.4,0.0,2.45,0.0
2024-12-10 15:00:00,0.6,-1.4,0.0,2.24,0.0
2024-12-10 16:00:00,0.5,-1.4,0.0,2.06,0.0
2024-12-10 17:00:00,0.3,-1.5,0.0,2.35,0.0
2024-12-10 18:00:00,0.2,-1.7,0.0,2.38,0.0
2024-12-10 19:00:00,0.0,-1.8,0.0,2.56,0.0
2024-12-10 20:00:00,-0.1,-1.9,0.0,2.42,0.0
2024-12-10 21:00:00,-0.2,-1.9,0.0,2.48,0.0
2024-12-10 22:00:00,-0.3,-2.0,0.0,2.42,0.0
2024-12-10 23:00:00,-0.3,-2.2,0.0,2.26,0.0
2024-12-11 00:00:00,-0.2,-2.3,0.0,2.33,0.0
2024-12-11 01:00:00,-0.6,-2.9,0.0,2.38,0.0
2024-12-11 02:00:00,-0.5,-2.9,0.0,1.71,0.0
2024-12-11 03:00:00,-0.5,-2.7,0.0,1.42,0.0
2024-12-11 04:00:00,-0.4,-2.4,0.0,1.08,0.0
2024-12-11 05:00:00,-0.3,-2.0,0.0,0.92,0.0
2024-12-11 06:00:00,-0.2,-1.8,0.1,1.19,0.0
2024-12-11 07:00:00,-0.1,-1.5,0.1,1.63,0.0
2024-12-11 08:00:00,0.3,-1.1,0.1,1.35,0.0
2024-12-11 09:00:00,0.7,-1.0,0.0,1.87,0.0
2024-12-11 10:00:00,0.9,-1.5,0.0,1.93,0.0
2024-12-11 11:00:00,1.3,-1.8,0.0,1.81,0.0
2024-12-11 12:00:00,1.4,-2.3,0.0,2.09,0.0
2024-12-11 13:00:00,1.6,-2.4,0.0,2.87,0.0
2024-12-11 14:00:00,1.5,-1.9,0.0,2.14,0.0
2024-12-11 15:00:00,1.2,-1.6,0.0,1.84,0.0
2024-12-11 16:00:00,1.1,-1.3,0.0,1.9,0.0
2024-12-11 17:00:00,0.9,-1.1,0.1,2.06,0.0
2024-12-11 18:00:00,0.8,-1.1,0.0,2.26,0.0
2024-12-11 19:00:00,0.9,-0.9,0.0,2.14,0.0
2024-12-11 20:00:00,0.9,-0.6,0.1,2.36,0.0
2024-12-11 21:00:00,1.0,-0.3,0.0,2.26,0.0
2024-12-11 22:00:00,1.1,-0.1,0.0,2.3,0.0
2024-12-11 23:00:00,1.2,0.2,0.0,2.05,0.0
2024-12-12 00:00:00,1.2,0.1,0.0,2.19,0.0
2024-12-12 01:00:00,1.1,-0.2,0.0,2.2,0.0
2024-12-12 02:00:00,0.9,-0.6,0.0,2.31,0.0
2024-12-12 03:00:00,0.8,-0.7,0.0,2.22,0.0
2024-12-12 04:00:00,0.7,-0.8,0.0,1.76,0.0
2024-12-12 05:00:00,0.7,-0.9,0.0,1.55,0.0
2024-12-12 06:00:00,0.7,-0.8,0.0,2.25,0.0
2024-12-12 07:00:00,0.7,-0.7,0.0,2.3,0.0
2024-12-12 08:00:00,1.0,-0.8,0.0,2.15,0.0
2024-12-12 09:00:00,1.4,-1.6,0.0,2.36,0.0
2024-12-12 10:00:00,1.6,-1.8,0.0,2.53,0.0
2024-12-12 11:00:00,1.5,-2.2,0.0,2.47,0.0
2024-12-12 12:00:00,1.6,-2.7,0.0,2.29,0.0
2024-12-12 13:00:00,1.5,-2.4,0.0,2.48,0.0
2024-12-12 14:00:00,1.4,-2.4,0.0,2.31,0.0
2024-12-12 15:00:00,1.0,-2.1,0.0,2.16,0.0
2024-12-12 16:00:00,0.9,-1.9,0.0,2.25,0.0
2024-12-12 17:00:00,0.8,-1.7,0.0,2.45,0.0
2024-12-12 18:00:00,0.7,-1.5,0.0,2.41,0.0
2024-12-12 19:00:00,0.7,-1.2,0.0,2.16,0.0
2024-12-12 20:00:00,0.8,-0.9,0.0,1.7,0.0
2024-12-12 21:00:00,0.7,-0.6,0.1,1.52,0.0
2024-12-12 22:00:00,0.5,-1.9,0.0,2.71,0.0
2024-12-12 23:00:00,0.1,-2.3,0.0,2.57,0.0
2024-12-13 00:00:00,-0.6,-2.7,0.0,1.02,0.0
2024-12-13 01:00:00,-0.6,-2.2,0.0,0.58,0.0
2024-12-13 02:00:00,0.0,-1.6,0.0,1.33,0.0
2024-12-13 03:00:00,0.1,-1.6,0.0,1.37,0.0
2024-12-13 04:00:00,0.0,-1.7,0.0,1.11,0.0
2024-12-13 05:00:00,-0.2,-1.6,0.0,1.01,0.0
2024-12-13 06:00:00,0.0,-1.4,0.0,1.0,0.0
2024-12-13 07:00:00,-0.1,-1.4,0.1,0.88,0.0
2024-12-13 08:00:00,0.2,-1.4,0.1,0.92,0.0
2024-12-13 09:00:00,0.7,-1.3,0.0,0.93,0.0
2024-12-13 10:00:00,1.3,-1.5,0.0,0.49,2307.18
2024-12-13 11:00:00,1.7,-1.7,0.0,0.25,3600.0
2024-12-13 12:00:00,2.1,-2.0,0.0,1.43,3600.0
2024-12-13 13:00:00,1.9,-2.2,0.0,1.38,1581.76
2024-12-13 14:00:00,1.5,-2.6,0.0,1.43,2630.44
2024-12-13 15:00:00,0.8,-2.8,0.0,1.68,0.0
2024-12-13 16:00:00,0.2,-3.0,0.0,2.07,0.0
2024-12-13 17:00:00,-0.8,-3.4,0.0,2.33,0.0
2024-12-13 18:00:00,-1.5,-3.6,0.0,1.97,0.0
2024-12-13 19:00:00,-2.1,-3.8,0.0,1.12,0.0
2024-12-13 20:00:00,-2.6,-4.1,0.0,0.81,0.0
2024-12-13 21:00:00,-2.9,-4.1,0.0,0.67,0.0
2024-12-13 22:00:00,-3.0,-4.1,0.0,0.2,0.0
2024-12-13 23:00:00,-3.1,-4.4,0.0,0.1,0.0
2024-12-14 00:00:00,-3.3,-4.5,0.0,0.11,0.0
2024-12-14 01:00:00,-3.1,-4.2,0.0,0.32,0.0
2024-12-14 02:00:00,-3.2,-4.2,0.0,0.14,0.0
2024-12-14 03:00:00,-3.5,-4.3,0.0,0.4,0.0
2024-12-14 04:00:00,-3.3,-4.3,0.0,1.23,0.0
2024-12-14 05:00:00,-3.4,-4.8,0.0,1.18,0.0
2024-12-14 06:00:00,-3.3,-5.0,0.0,1.2,0.0
2024-12-14 07:00:00,-3.1,-5.0,0.0,1.61,0.0
2024-12-14 08:00:00,-2.3,-4.7,0.0,1.6,3600.0
2024-12-14 09:00:00,-1.4,-4.5,0.0,1.01,3600.0
2024-12-14 10:00:00,-0.6,-4.1,0.0,0.71,3600.0
2024-12-14 11:00:00,0.2,-3.8,0.0,1.1,3600.0
2024-12-14 12:00:00,0.4,-3.6,0.0,1.35,0.0
2024-12-14 13:00:00,0.2,-3.8,0.0,1.5,0.0
2024-12-14 14:00:00,-0.1,-3.7,0.0,1.7,0.0
2024-12-14 15:00:00,0.7,-4.1,0.0,3.58,0.0
2024-12-14 16:00:00,1.1,-4.1,0.0,4.49,0.0
2024-12-14 17:00:00,0.9,-3.8,0.0,4.57,0.0
2024-12-14 18:00:00,0.9,-3.5,0.0,4.97,0.0
2024-12-14 19:00:00,0.9,-2.9,0.0,5.79,0.0
2024-12-14 20:00:00,0.6,-2.7,0.0,5.58,0.0
2024-12-14 21:00:00,0.3,-2.9,0.0,5.11,0.0
2024-12-14 22:00:00,0.3,-3.1,0.0,4.48,0.0
2024-12-14 23:00:00,0.4,-3.2,0.0,4.49,0.0
2024-12-15 00:00:00,0.5,-3.0,0.0,4.89,0.0
2024-12-15 01:00:00,0.9,-2.3,0.0,5.14,0.0
2024-12-15 02:00:00,0.9,-1.6,0.0,5.41,0.0
2024-12-15 03:00:00,1.0,-1.2,0.1,5.44,0.0
2024-12-15 04:00:00,1.1,-1.1,0.2,5.62,0.0
2024-12-15 05:00:00,1.2,-0.8,0.2,5.73,0.0
2024-12-15 06:00:00,1.5,-0.7,0.1,5.72,0.0
2024-12-15 07:00:00,1.7,-0.6,0.0,5.33,0.0
2024-12-15 08:00:00,2.1,-0.5,0.0,5.38,0.0
2024-12-15 09:00:00,2.4,-0.2,0.1,5.45,0.0
2024-12-15 10:00:00,2.3,0.4,0.2,5.64,0.0
2024-12-15 11:00:00,2.4,0.4,0.1,5.3,0.0
2024-12-15 12:00:00,2.6,0.4,0.3,5.67,0.0
2024-12-15 13:00:00,2.5,1.1,0.0,6.26,0.0
2024-12-15 14:00:00,2.5,0.9,0.0,5.26,1646.31
2024-12-15 15:00:00,2.0,0.7,0.0,4.5,0.0
2024-12-15 16:00:00,2.3,1.1,0.0,4.73,0.0
2024-12-15 17:00:00,1.3,0.8,0.4,4.16,0.0
2024-12-15 18:00:00,2.0,1.2,0.3,4.81,0.0
2024-12-15 19:00:00,2.4,1.6,0.1,5.27,0.0
2024-12-15 20:00:00,2.5,1.3,0.1,5.61,0.0
2024-12-15 21:00:00,2.6,1.0,0.1,6.15,0.0
2024-12-15 22:00:00,2.3,0.9,0.2,6.29,0.0
2024-12-15 23:00:00,2.4,1.1,0.2,6.26,0.0
2024-12-16 00:00:00,3.0,1.3,0.1,6.94,0.0
2024-12-16 01:00:00,3.3,1.7,0.2,7.56,0.0
2024-12-16 02:00:00,3.5,2.1,0.3,7.61,0.0
2024-12-16 03:00:00,4.1,2.6,0.1,7.21,0.0
2024-12-16 04:00:00,4.7,3.1,0.1,7.37,0.0
2024-12-16 05:00:00,5.2,3.4,0.1,7.59,0.0
2024-12-16 06:00:00,5.3,3.8,0.4,8.18,0.0
2024-12-16 07:00:00,5.6,3.9,0.2,8.02,0.0
2024-12-16 08:00:00,6.3,4.3,0.1,8.13,0.0
2024-12-16 09:00:00,6.9,4.5,0.1,8.47,0.0
2024-12-16 10:00:00,7.3,4.6,0.1,8.43,0.0
2024-12-16 11:00:00,7.6,4.9,0.1,8.08,0.0
2024-12-16 12:00:00,7.9,5.1,0.1,7.73,0.0
2024-12-16 13:00:00,7.7,5.3,0.2,8.0,0.0
2024-12-16 14:00:00,7.6,5.5,0.2,7.88,0.0
2024-12-16 15:00:00,7.5,5.6,0.3,7.36,0.0
2024-12-16 16:00:00,7.5,5.8,0.4,7.37,0.0
2024-12-16 17:00:00,7.6,6.0,0.3,7.17,0.0
2024-12-16 18:00:00,7.6,6.0,0.2,6.69,0.0
2024-12-16 19:00:00,7.5,5.9,0.2,6.38,0.0
2024-12-16 20:00:00,7.5,5.7,0.1,6.08,0.0
2024-12-16 21:00:00,7.5,5.5,0.1,6.11,0.0
2024-12-16 22:00:00,7.5,5.2,0.1,5.99,0.0
2024-12-16 23:00:00,7.7,4.8,0.1,6.95,0.0
2024-12-17 00:00:00,7.6,4.7,0.1,6.59,0.0
2024-12-17 01:00:00,8.8,5.1,0.0,7.26,0.0
2024-12-17 02:00:00,8.7,5.1,0.0,6.65,0.0
2024-12-17 03:00:00,8.3,5.0,0.0,6.42,0.0
2024-12-17 04:00:00,8.1,4.7,0.0,5.79,0.0
2024-12-17 05:00:00,7.8,4.7,0.0,5.33,0.0
2024-12-17 06:00:00,7.5,4.8,0.1,5.94,0.0
2024-12-17 07:00:00,7.4,4.5,0.0,5.88,0.0
2024-12-17 08:00:00,7.7,4.6,0.1,5.2,0.0
2024-12-17 09:00:00,7.8,4.8,0.0,4.96,0.0
2024-12-17 10:00:00,8.2,4.7,0.0,5.36,0.0
2024-12-17 11:00:00,8.4,4.7,0.1,5.14,0.0
2024-12-17 12:00:00,8.0,5.0,0.2,5.01,0.0
2024-12-17 13:00:00,8.6,5.2,0.0,5.42,0.0
2024-12-17 14:00:00,8.6,4.9,0.0,5.65,0.0
2024-12-17 15:00:00,8.4,4.7,0.0,5.12,0.0
2024-12-17 16:00:00,7.9,4.6,0.0,4.76,0.0
2024-12-17 17:00:00,7.3,4.4,0.0,4.61,0.0
2024-12-17 18:00:00,7.1,4.4,0.0,4.4,0.0
2024-12-17 19:00:00,7.3,4.4,0.0,4.32,0.0
2024-12-17 20:00:00,7.4,4.3,0.0,4.62,0.0
2024-12-17 21:00:00,7.0,4.4,0.0,4.7,0.0
2024-12-17 22:00:00,6.9,4.2,0.0,4.67,0.0
2024-12-17 23:00:00,6.9,3.9,0.0,4.5,0.0
2024-12-18 00:00:00,6.9,3.8,0.0,4.31,0.0
2024-12-18 01:00:00,7.8,3.8,0.0,3.68,0.0
2024-12-18 02:00:00,7.4,3.9,0.0,3.18,0.0
2024-12-18 03:00:00,6.6,3.9,0.0,3.01,0.0
2024-12-18 04:00:00,5.9,3.9,0.0,2.81,0.0
2024-12-18 05:00:00,5.1,3.5,0.0,2.51,0.0
2024-12-18 06:00:00,5.2,3.4,0.0,2.55,0.0
2024-12-18 07:00:00,4.9,3.0,0.0,2.6,0.0
2024-12-18 08:00:00,5.4,2.9,0.0,2.23,0.0
2024-12-18 09:00:00,6.3,3.1,0.0,1.86,3600.0
2024-12-18 10:00:00,7.7,3.4,0.0,2.08,3600.0
2024-12-18 11:00:00,8.8,3.6,0.0,1.81,3600.0
2024-12-18 12:00:00,9.6,3.8,0.0,1.7,3600.0
2024-12-18 13:00:00,9.5,3.5,0.0,2.44,3600.0
2024-12-18 14:00:00,8.6,2.8,0.0,3.29,3600.0
2024-12-18 15:00:00,7.5,2.4,0.0,3.42,439.27
2024-12-18 16:00:00,6.7,2.3,0.0,3.55,0.0
2024-12-18 17:00:00,6.8,2.5,0.0,3.96,0.0
2024-12-18 18:00:00,6.7,2.2,0.0,4.5,0.0
2024-12-18 19:00:00,6.6,2.3,0.0,4.71,0.0
2024-12-18 20:00:00,6.9,2.3,0.0,5.25,0.0
2024-12-18 21:00:00,6.6,1.8,0.0,4.88,0.0
2024-12-18 22:00:00,6.6,1.8,0.0,4.44,0.0
2024-12-18 23:00:00,7.3,2.0,0.0,3.83,0.0
2024-12-19 00:00:00,6.6,1.9,0.0,3.56,0.0
2024-12-19 01:00:00,8.2,2.4,0.0,4.19,0.0
2024-12-19 02:00:00,7.7,2.2,0.0,3.7,0.0
2024-12-19 03:00:00,7.1,2.2,0.0,3.55,0.0
2024-12-19 04:00:00,6.5,2.2,0.0,2.96,0.0
2024-12-19 05:00:00,5.8,2.1,0.0,2.29,0.0
2024-12-19 06:00:00,5.1,1.8,0.0,1.77,0.0
2024-12-19 07:00:00,4.5,1.5,0.0,1.51,0.0
2024-12-19 08:00:00,6.2,2.1,0.0,1.7,3600.0
2024-12-19 09:00:00,8.8,3.0,0.0,3.02,3600.0
2024-12-19 10:00:00,10.7,3.8,0.0,2.74,3600.0
2024-12-19 11:00:00,11.5,4.9,0.0,1.06,3600.0
2024-12-19 12:00:00,11.9,5.9,0.0,0.9,2698.96
2024-12-19 13:00:00,12.1,4.9,0.0,1.64,3600.0
2024-12-19 14:00:00,10.7,3.4,0.0,1.83,3600.0
2024-12-19 15:00:00,9.9,0.9,0.0,2.17,0.0
2024-12-19 16:00:00,10.7,0.2,0.0,2.58,0.0
2024-12-19 17:00:00,9.9,0.6,0.0,2.93,0.0
2024-12-19 18:00:00,9.2,0.6,0.0,3.49,0.0
2024-12-19 19:00:00,8.6,0.8,0.0,3.8,0.0
2024-12-19 20:00:00,8.3,1.4,0.0,3.11,0.0
2024-12-19 21:00:00,7.8,2.2,0.0,2.19,0.0
2024-12-19 22:00:00,7.2,3.0,0.2,2.71,0.0
2024-12-19 23:00:00,6.3,4.8,0.7,3.32,0.0
2024-12-20 00:00:00,6.3,5.3,1.1,3.96,0.0
2024-12-20 01:00:00,6.9,5.8,0.6,3.07,0.0
2024-12-20 02:00:00,6.9,5.7,0.3,3.71,0.0
2024-12-20 03:00:00,6.8,5.8,0.4,6.35,0.0
2024-12-20 04:00:00,6.5,5.4,0.2,6.4,0.0
2024-12-20 05:00:00,6.2,5.5,0.4,5.21,0.0
2024-12-20 06:00:00,5.8,4.0,0.3,4.7,0.0
2024-12-20 07:00:00,4.7,3.1,0.0,3.82,0.0
2024-12-20 08:00:00,4.6,2.9,0.0,4.69,0.0
2024-12-20 09:00:00,4.6,1.9,0.0,4.7,0.0
2024-12-20 10:00:00,4.7,1.9,0.0,4.01,0.0
2024-12-20 11:00:00,5.1,1.8,0.0,4.6,0.0
2024-12-20 12:00:00,5.5,1.1,0.0,4.43,0.0
2024-12-20 13:00:00,5.2,1.3,0.0,3.81,0.0
2024-12-20 14:00:00,5.1,0.5,0.0,4.08,860.65
2024-12-20 15:00:00,4.7,-0.1,0.0,3.86,0.0
2024-12-20 16:00:00,3.6,-0.1,0.0,4.1,0.0
2024-12-20 17:00:00,3.0,0.0,0.0,4.26,0.0
2024-12-20 18:00:00,2.6,-0.3,0.0,4.23,0.0
2024-12-20 19:00:00,2.1,-0.7,0.0,3.92,0.0
2024-12-20 20:00:00,1.5,-0.9,0.0,3.77,0.0
2024-12-20 21:00:00,1.2,-1.0,0.0,3.84,0.0
2024-12-20 22:00:00,1.0,-1.1,0.0,3.81,0.0
2024-12-20 23:00:00,0.6,-1.2,0.0,3.46,0.0
2024-12-21 00:00:00,0.7,-1.0,0.0,3.11,0.0
2024-12-21 01:00:00,1.7,-0.7,0.0,2.97,0.0
2024-12-21 02:00:00,2.0,-0.3,0.0,3.19,0.0
2024-12-21 03:00:00,2.2,0.1,0.0,3.07,0.0
2024-12-21 04:00:00,2.1,0.3,0.0,2.37,0.0
2024-12-21 05:00:00,2.1,0.5,0.0,2.16,0.0
2024-12-21 06:00:00,2.4,0.7,0.0,2.35,0.0
2024-12-21 07:00:00,2.6,0.9,0.0,2.6,0.0
2024-12-21 08:00:00,2.3,0.6,0.0,3.07,2624.81
2024-12-21 09:00:00,2.9,-0.1,0.0,3.09,3600.0
2024-12-21 10:00:00,3.4,-1.3,0.0,3.78,3600.0
2024-12-21 11:00:00,3.6,-1.7,0.0,3.9,3600.0
2024-12-21 12:00:00,3.9,-2.0,0.0,3.73,446.27
2024-12-21 13:00:00,4.7,-2.1,0.0,3.1,3600.0
2024-12-21 14:00:00,4.2,-2.0,0.0,2.33,3600.0
2024-12-21 15:00:00,2.7,-1.8,0.0,3.4,1343.64
2024-12-21 16:00:00,1.8,-2.3,0.0,3.27,0.0
2024-12-21 17:00:00,1.1,-2.7,0.0,3.41,0.0
2024-12-21 18:00:00,0.5,-2.9,0.0,3.36,0.0
2024-12-21 19:00:00,0.0,-3.1,0.0,3.11,0.0
2024-12-21 20:00:00,-0.2,-3.2,0.0,3.0,0.0
2024-12-21 21:00:00,-0.2,-3.1,0.0,2.91,0.0
2024-12-21 22:00:00,-0.2,-2.9,0.0,2.97,0.0
2024-12-21 23:00:00,0.1,-2.6,0.0,2.94,0.0
2024-12-22 00:00:00,0.3,-2.3,0.0,2.44,0.0
2024-12-22 01:00:00,0.5,-2.3,0.0,2.17,0.0
2024-12-22 02:00:00,0.3,-2.4,0.0,2.14,0.0
2024-12-22 03:00:00,1.1,-2.2,0.0,2.37,0.0
2024-12-22 04:00:00,1.9,-2.1,0.0,2.79,0.0
2024-12-22 05:00:00,2.7,-1.8,0.0,3.16,0.0
2024-12-22 06:00:00,3.7,-1.6,0.0,3.9,0.0
2024-12-22 07:00:00,4.3,-1.6,0.0,4.57,0.0
2024-12-22 08:00:00,4.7,-0.9,0.0,4.56,0.0
2024-12-22 09:00:00,4.7,-0.8,0.1,4.12,0.0
2024-12-22 10:00:00,5.6,-1.4,0.0,4.54,0.0
2024-12-22 11:00:00,6.0,-1.6,0.0,4.6,0.0
2024-12-22 12:00:00,6.6,-1.7,0.0,4.1,3583.17
2024-12-22 13:00:00,7.2,-0.9,0.0,4.99,0.0
2024-12-22 14:00:00,6.4,-1.7,0.0,4.09,0.0
2024-12-22 15:00:00,5.7,-2.2,0.0,3.4,0.0
2024-12-22 16:00:00,5.4,-2.6,0.0,2.79,0.0
2024-12-22 17:00:00,5.0,-3.6,0.0,3.98,0.0
2024-12-22 18:00:00,4.4,-3.2,0.0,2.7,0.0
2024-12-22 19:00:00,4.0,-2.4,0.0,1.54,0.0
2024-12-22 20:00:00,3.8,-2.0,0.0,1.69,0.0
2024-12-22 21:00:00,3.1,-0.9,0.2,2.12,0.0
2024-12-22 22:00:00,2.6,-0.3,0.1,1.46,0.0
2024-12-22 23:00:00,2.5,-0.1,0.0,0.76,0.0
2024-12-23 00:00:00,2.4,0.3,0.1,0.73,0.0
2024-12-23 01:00:00,2.7,0.5,0.0,2.8,0.0
2024-12-23 02:00:00,2.5,0.3,0.0,3.21,0.0
2024-12-23 03:00:00,2.5,0.3,0.0,3.09,0.0
2024-12-23 04:00:00,2.3,0.3,0.0,3.21,0.0
2024-12-23 05:00:00,2.4,0.5,0.0,3.25,0.0
2024-12-23 06:00:00,2.5,0.8,0.0,2.7,0.0
2024-12-23 07:00:00,2.5,1.0,0.0,1.96,0.0
2024-12-23 08:00:00,3.0,1.4,0.0,1.62,0.0
2024-12-23 09:00:00,3.3,1.5,0.1,2.66,0.0
2024-12-23 10:00:00,3.3,1.2,0.3,2.78,0.0
2024-12-23 11:00:00,3.3,0.9,0.1,2.33,0.0
2024-12-23 12:00:00,3.5,0.1,0.0,2.16,0.0
2024-12-23 13:00:00,3.6,0.7,0.0,2.89,0.0
2024-12-23 14:00:00,3.3,-0.2,0.0,2.69,0.0
2024-12-23 15:00:00,2.7,-0.4,0.0,1.54,0.0
2024-12-23 16:00:00,2.7,-0.4,0.0,1.56,0.0
2024-12-23 17:00:00,2.2,-0.4,0.0,1.1,0.0
2024-12-23 18:00:00,2.2,-0.5,0.0,0.96,0.0
2024-12-23 19:00:00,1.4,-1.0,0.0,1.23,0.0
2024-12-23 20:00:00,0.9,-1.0,0.0,1.97,0.0
2024-12-23 21:00:00,1.1,-0.9,0.0,1.97,0.0
2024-12-23 22:00:00,1.0,-0.7,0.0,1.95,0.0
2024-12-23 23:00:00,1.0,-0.5,0.0,1.98,0.0
2024-12-24 00:00:00,1.1,-0.2,0.0,2.21,0.0
2024-12-24 01:00:00,1.3,0.2,0.0,1.48,0.0
2024-12-24 02:00:00,1.4,0.5,0.0,1.83,0.0
2024-12-24 03:00:00,1.2,0.4,0.0,1.93,0.0
2024-12-24 04:00:00,1.3,0.4,0.0,2.18,0.0
2024-12-24 05:00:00,1.3,0.2,0.1,2.06,0.0
2024-12-24 06:00:00,1.0,0.1,0.0,2.6,0.0
2024-12-24 07:00:00,0.7,-0.1,0.0,2.56,0.0
2024-12-24 08:00:00,1.3,-0.1,0.0,2.85,0.0
2024-12-24 09:00:00,1.9,-0.3,0.0,2.61,0.0
2024-12-24 10:00:00,2.7,-0.7,0.0,2.72,2423.87
2024-12-24 11:00:00,3.2,-1.1,0.0,3.0,220.16
2024-12-24 12:00:00,3.7,-2.0,0.0,3.56,879.86
2024-12-24 13:00:00,3.6,-2.4,0.0,3.38,3600.0
2024-12-24 14:00:00,3.0,-2.5,0.0,3.05,2881.08
2024-12-24 15:00:00,2.5,-2.8,0.0,3.15,0.0
2024-12-24 16:00:00,2.2,-2.7,0.0,3.3,0.0
2024-12-24 17:00:00,2.3,-2.5,0.0,3.2,0.0
2024-12-24 18:00:00,1.7,-2.7,0.0,3.08,0.0
2024-12-24 19:00:00,1.3,-2.7,0.0,2.95,0.0
2024-12-24 20:00:00,1.4,-2.9,0.0,2.98,0.0
2024-12-24 21:00:00,1.3,-3.1,0.0,2.51,0.0
2024-12-24 22:00:00,1.2,-3.1,0.0,2.41,0.0
2024-12-24 23:00:00,1.1,-3.2,0.0,2.86,0.0
2024-12-25 00:00:00,1.2,-3.2,0.0,2.67,0.0
2024-12-25 01:00:00,1.5,-3.3,0.0,3.21,0.0
2024-12-25 02:00:00,1.4,-3.3,0.0,2.73,0.0
2024-12-25 03:00:00,1.1,-3.4,0.0,2.43,0.0
2024-12-25 04:00:00,0.8,-3.5,0.0,1.96,0.0
2024-12-25 05:00:00,0.6,-3.7,0.0,2.02,0.0
2024-12-25 06:00:00,0.4,-3.7,0.0,1.61,0.0
2024-12-25 07:00:00,0.1,-3.5,0.0,1.06,0.0
2024-12-25 08:00:00,0.9,-3.2,0.0,0.92,2105.16
2024-12-25 09:00:00,1.5,-2.9,0.0,0.76,3600.0
2024-12-25 10:00:00,2.1,-2.9,0.0,0.81,1484.06
2024-12-25 11:00:00,2.7,-3.2,0.0,0.92,2021.75
2024-12-25 12:00:00,3.0,-3.2,0.0,1.52,3600.0
2024-12-25 13:00:00,2.9,-3.1,0.0,1.71,3600.0
2024-12-25 14:00:00,2.6,-2.6,0.0,1.12,516.12
2024-12-25 15:00:00,2.0,-2.3,0.0,1.21,0.0
2024-12-25 16:00:00,1.2,-2.3,0.0,1.15,0.0
2024-12-25 17:00:00,-0.1,-3.1,0.0,1.21,0.0
2024-12-25 18:00:00,-0.9,-3.7,0.0,1.28,0.0
2024-12-25 19:00:00,-1.1,-3.7,0.0,1.69,0.0
2024-12-25 20:00:00,-1.6,-3.2,0.0,1.87,0.0
2024-12-25 21:00:00,-1.9,-3.2,0.0,1.64,0.0
2024-12-25 22:00:00,-2.2,-3.3,0.0,1.39,0.0
2024-12-25 23:00:00,-2.5,-3.3,0.0,1.64,0.0
2024-12-26 00:00:00,-2.7,-3.4,0.0,1.6,0.0
2024-12-26 01:00:00,-3.4,-4.3,0.0,1.56,0.0
2024-12-26 02:00:00,-3.6,-4.4,0.0,1.68,0.0
2024-12-26 03:00:00,-3.8,-4.4,0.0,1.62,0.0
2024-12-26 04:00:00,-3.9,-4.4,0.0,1.45,0.0
2024-12-26 05:00:00,-4.0,-4.4,0.0,1.7,0.0
2024-12-26 06:00:00,-4.2,-4.6,0.0,1.8,0.0
2024-12-26 07:00:00,-4.3,-4.8,0.0,1.85,0.0
2024-12-26 08:00:00,-3.5,-4.4,0.0,2.0,3600.0
2024-12-26 09:00:00,-2.0,-4.1,0.0,1.91,3600.0
2024-12-26 10:00:00,-0.6,-4.3,0.0,1.86,3600.0
2024-12-26 11:00:00,0.5,-4.9,0.0,1.68,3600.0
2024-12-26 12:00:00,1.1,-5.5,0.0,1.7,3600.0
2024-12-26 13:00:00,0.4,-3.8,0.0,2.13,3600.0
2024-12-26 14:00:00,-0.2,-4.0,0.0,2.1,3600.0
2024-12-26 15:00:00,-1.4,-4.1,0.0,1.91,1245.84
2024-12-26 16:00:00,-2.2,-4.1,0.0,1.62,0.0
2024-12-26 17:00:00,-2.5,-4.2,0.0,1.53,0.0
2024-12-26 18:00:00,-2.7,-4.2,0.0,1.59,0.0
2024-12-26 19:00:00,-2.9,-4.4,0.0,1.49,0.0
2024-12-26 20:00:00,-3.3,-4.6,0.0,1.24,0.0
2024-12-26 21:00:00,-3.9,-5.1,0.0,0.81,0.0
2024-12-26 22:00:00,-4.0,-5.2,0.0,0.46,0.0
2024-12-26 23:00:00,-4.2,-5.4,0.0,0.6,0.0
2024-12-27 00:00:00,-4.4,-5.6,0.0,0.45,0.0
2024-12-27 01:00:00,-3.3,-3.6,0.0,0.14,0.0
2024-12-27 02:00:00,-3.1,-3.5,0.0,0.11,0.0
2024-12-27 03:00:00,-2.9,-3.3,0.0,0.27,0.0
2024-12-27 04:00:00,-3.0,-3.3,0.0,0.49,0.0
2024-12-27 05:00:00,-3.0,-3.2,0.0,0.78,0.0
2024-12-27 06:00:00,-3.1,-3.4,0.0,0.76,0.0
2024-12-27 07:00:00,-3.2,-3.6,0.0,0.96,0.0
2024-12-27 08:00:00,-2.5,-3.5,0.0,0.78,0.0
2024-12-27 09:00:00,-0.9,-3.5,0.0,0.64,1503.23
2024-12-27 10:00:00,0.2,-3.6,0.0,0.18,1125.91
2024-12-27 11:00:00,1.0,-3.7,0.0,0.4,0.0
2024-12-27 12:00:00,1.7,-3.9,0.0,0.43,0.0
2024-12-27 13:00:00,0.8,-2.2,0.1,0.6,0.0
2024-12-27 14:00:00,0.8,-2.3,0.0,0.21,0.0
2024-12-27 15:00:00,0.6,-2.4,0.0,0.11,0.0
2024-12-27 16:00:00,0.5,-2.6,0.0,0.32,0.0
2024-12-27 17:00:00,0.7,-2.6,0.0,0.67,0.0
2024-12-27 18:00:00,0.5,-2.4,0.0,0.1,0.0
2024-12-27 19:00:00,0.6,-2.0,0.0,0.1,0.0
2024-12-27 20:00:00,0.5,-2.2,0.0,0.21,0.0
2024-12-27 21:00:00,0.5,-2.1,0.0,0.47,0.0
2024-12-27 22:00:00,0.6,-2.1,0.0,0.72,0.0
2024-12-27 23:00:00,0.5,-2.1,0.0,0.75,0.0
2024-12-28 00:00:00,0.6,-2.1,0.0,0.87,0.0
2024-12-28 01:00:00,-0.1,-2.5,0.0,0.56,0.0
2024-12-28 02:00:00,-0.2,-2.6,0.0,0.6,0.0
2024-12-28 03:00:00,-0.2,-2.7,0.0,0.59,0.0
2024-12-28 04:00:00,-0.1,-2.7,0.0,0.79,0.0
2024-12-28 05:00:00,-0.3,-2.7,0.0,0.78,0.0
2024-12-28 06:00:00,-0.3,-2.6,0.0,0.67,0.0
2024-12-28 07:00:00,-0.1,-2.4,0.0,0.9,0.0
2024-12-28 08:00:00,0.7,-2.2,0.0,0.78,0.0
2024-12-28 09:00:00,1.6,-1.5,0.0,0.67,0.0
2024-12-28 10:00:00,2.2,-0.5,0.0,0.83,0.0
2024-12-28 11:00:00,2.3,-0.1,0.0,1.19,729.48
2024-12-28 12:00:00,2.5,0.3,0.0,1.22,2603.43
2024-12-28 13:00:00,2.1,0.5,0.0,0.93,0.0
2024-12-28 14:00:00,1.6,0.6,0.0,0.62,0.0
2024-12-28 15:00:00,1.1,0.4,0.0,0.21,0.0
2024-12-28 16:00:00,1.1,0.3,0.0,0.5,0.0
2024-12-28 17:00:00,1.1,0.2,0.0,0.78,0.0
2024-12-28 18:00:00,1.1,0.3,0.0,0.93,0.0
2024-12-28 19:00:00,0.9,0.2,0.0,0.61,0.0
2024-12-28 20:00:00,0.9,0.3,0.0,0.8,0.0
2024-12-28 21:00:00,1.0,0.5,0.0,0.89,0.0
2024-12-28 22:00:00,1.0,0.5,0.0,1.25,0.0
2024-12-28 23:00:00,1.0,0.6,0.0,1.17,0.0
2024-12-29 00:00:00,0.8,0.5,0.0,0.91,0.0
2024-12-29 01:00:00,0.4,-0.1,0.0,1.32,0.0
2024-12-29 02:00:00,0.3,0.0,0.0,1.87,0.0
2024-12-29 03:00:00,0.1,-0.2,0.0,1.87,0.0
2024-12-29 04:00:00,-0.2,-0.5,0.0,1.72,0.0
2024-12-29 05:00:00,-0.5,-1.0,0.0,1.08,0.0
2024-12-29 06:00:00,-1.1,-1.5,0.0,0.95,0.0
2024-12-29 07:00:00,-1.1,-1.4,0.0,0.78,0.0
2024-12-29 08:00:00,-0.2,-0.5,0.0,0.96,3132.23
2024-12-29 09:00:00,1.0,0.2,0.0,1.05,3600.0
2024-12-29 10:00:00,2.3,0.6,0.0,1.16,3600.0
2024-12-29 11:00:00,3.7,0.2,0.0,1.35,3600.0
2024-12-29 12:00:00,4.8,-0.9,0.0,1.78,3600.0
2024-12-29 13:00:00,4.8,-1.6,0.0,2.44,3600.0
2024-12-29 14:00:00,4.0,-2.6,0.0,2.44,3600.0
2024-12-29 15:00:00,3.0,-3.3,0.0,2.66,695.55
2024-12-29 16:00:00,2.4,-3.6,0.0,2.9,0.0
2024-12-29 17:00:00,1.8,-3.6,0.0,2.92,0.0
2024-12-29 18:00:00,1.2,-3.7,0.0,3.25,0.0
2024-12-29 19:00:00,0.8,-4.1,0.0,3.35,0.0
2024-12-29 20:00:00,0.5,-4.5,0.0,3.15,0.0
2024-12-29 21:00:00,0.2,-4.6,0.0,3.16,0.0
2024-12-29 22:00:00,-0.2,-4.6,0.0,3.54,0.0
2024-12-29 23:00:00,-0.5,-4.7,0.0,3.6,0.0
2024-12-30 00:00:00,-0.5,-4.6,0.0,3.35,0.0
2024-12-30 01:00:00,0.2,-4.0,0.0,3.3,0.0
2024-12-30 02:00:00,-0.6,-3.8,0.0,3.0,0.0
2024-12-30 03:00:00,-1.3,-3.6,0.0,2.93,0.0
2024-12-30 04:00:00,-1.8,-3.5,0.0,2.79,0.0
2024-12-30 05:00:00,-2.2,-3.7,0.0,2.67,0.0
2024-12-30 06:00:00,-2.5,-3.8,0.0,2.56,0.0
2024-12-30 07:00:00,-2.6,-3.9,0.0,2.56,0.0
2024-12-30 08:00:00,-1.6,-3.6,0.0,2.75,3600.0
2024-12-30 09:00:00,0.1,-3.4,0.0,2.25,3600.0
2024-12-30 10:00:00,1.8,-3.4,0.0,2.55,3600.0
2024-12-30 11:00:00,3.0,-3.7,0.0,3.18,3600.0
2024-12-30 12:00:00,3.8,-4.1,0.0,3.15,3600.0
2024-12-30 13:00:00,4.5,-2.5,0.0,4.18,3600.0
2024-12-30 14:00:00,3.7,-2.7,0.0,4.37,3600.0
2024-12-30 15:00:00,2.2,-2.9,0.0,4.25,2419.02
2024-12-30 16:00:00,1.3,-3.1,0.0,4.05,0.0
2024-12-30 17:00:00,0.8,-3.2,0.0,3.97,0.0
2024-12-30 18:00:00,0.4,-3.3,0.0,3.98,0.0
2024-12-30 19:00:00,0.1,-3.4,0.0,3.73,0.0
2024-12-30 20:00:00,-0.2,-3.4,0.0,3.64,0.0
2024-12-30 21:00:00,-0.4,-3.4,0.0,3.76,0.0
2024-12-30 22:00:00,-0.5,-3.4,0.0,3.44,0.0
2024-12-30 23:00:00,-0.6,-3.5,0.0,3.41,0.0
2024-12-31 00:00:00,-0.6,-3.5,0.0,3.58,0.0
2024-12-31 01:00:00,0.4,-3.5,0.0,4.89,0.0
2024-12-31 02:00:00,0.9,-3.5,0.0,5.08,0.0
2024-12-31 03:00:00,1.3,-3.3,0.0,5.1,0.0
2024-12-31 04:00:00,1.4,-3.3,0.0,4.97,0.0
2024-12-31 05:00:00,1.4,-3.3,0.0,4.99,0.0
2024-12-31 06:00:00,1.6,-3.3,0.0,4.97,0.0
2024-12-31 07:00:00,1.5,-3.3,0.0,4.89,0.0
2024-12-31 08:00:00,2.1,-3.4,0.0,4.74,3600.0
2024-12-31 09:00:00,3.3,-3.5,0.0,4.26,3600.0
2024-12-31 10:00:00,4.8,-3.7,0.0,3.7,3600.0
2024-12-31 11:00:00,5.6,-3.2,0.0,3.29,3600.0
2024-12-31 12:00:00,6.1,-2.6,0.0,2.39,3600.0
2024-12-31 13:00:00,6.0,-3.0,0.0,3.43,3600.0
2024-12-31 14:00:00,4.8,-3.3,0.0,3.42,3600.0
2024-12-31 15:00:00,3.2,-3.4,0.0,3.74,2478.1
2024-12-31 16:00:00,2.1,-3.3,0.0,3.68,0.0
2024-12-31 17:00:00,1.2,-3.4,0.0,3.61,0.0
2024-12-31 18:00:00,0.6,-3.5,0.0,3.53,0.0
2024-12-31 19:00:00,0.3,-3.7,0.0,3.75,0.0
2024-12-31 20:00:00,0.2,-3.9,0.0,4.16,0.0
2024-12-31 21:00:00,0.4,-4.3,0.0,4.62,0.0
2024-12-31 22:00:00,0.6,-4.5,0.0,4.66,0.0
2024-12-31 23:00:00,0.6,-4.5,0.0,4.65,0.0
2025-01-01 00:00:00,0.6,-4.5,0.0,4.66,0.0
2025-01-01 01:00:00,1.2,-3.8,0.0,4.95,0.0
2025-01-01 02:00:00,1.1,-4.2,0.0,5.08,0.0
2025-01-01 03:00:00,0.9,-4.4,0.0,5.0,0.0
2025-01-01 04:00:00,0.6,-4.5,0.0,5.0,0.0
2025-01-01 05:00:00,0.6,-4.7,0.0,5.17,0.0
2025-01-01 06:00:00,0.8,-5.0,0.0,4.85,0.0
2025-01-01 07:00:00,1.1,-5.3,0.0,4.93,17.68
2025-01-01 08:00:00,2.1,-5.0,0.0,4.83,3600.0
2025-01-01 09:00:00,3.7,-4.8,0.0,5.47,3600.0
2025-01-01 10:00:00,5.4,-4.5,0.0,5.85,3600.0
2025-01-01 11:00:00,6.5,-4.3,0.0,6.21,3600.0
2025-01-01 12:00:00,7.1,-4.4,0.0,6.88,3600.0
2025-01-01 13:00:00,7.5,-5.8,0.0,7.39,3600.0
2025-01-01 14:00:00,6.1,-5.6,0.0,7.28,3600.0
2025-01-01 15:00:00,4.9,-5.6,0.0,6.67,601.34
2025-01-01 16:00:00,4.6,-5.9,0.0,6.42,0.0
2025-01-01 17:00:00,4.2,-6.1,0.0,6.15,0.0
2025-01-01 18:00:00,4.1,-6.4,0.0,5.66,0.0
2025-01-01 19:00:00,4.3,-6.6,0.0,5.35,0.0
2025-01-01 20:00:00,4.6,-6.8,0.0,5.33,0.0
2025-01-01 21:00:00,5.0,-7.2,0.0,5.24,0.0
2025-01-01 22:00:00,5.4,-7.5,0.0,5.4,0.0
2025-01-01 23:00:00,5.7,-7.6,0.0,5.62,0.0
2025-01-02 00:00:00,6.1,-7.6,0.0,5.93,0.0
2025-01-02 01:00:00,6.4,-7.0,0.0,6.59,0.0
2025-01-02 02:00:00,6.3,-6.8,0.0,6.52,0.0
2025-01-02 03:00:00,6.2,-6.8,0.0,6.51,0.0
2025-01-02 04:00:00,6.2,-6.9,0.0,5.96,0.0
2025-01-02 05:00:00,6.1,-6.4,0.0,5.28,0.0
2025-01-02 06:00:00,5.2,-5.8,0.0,4.75,0.0
2025-01-02 07:00:00,4.8,-5.6,0.0,4.89,0.0
2025-01-02 08:00:00,6.8,-5.7,0.0,5.88,3600.0
2025-01-02 09:00:00,8.8,-5.8,0.0,6.74,3600.0
2025-01-02 10:00:00,9.0,-5.3,0.0,7.3,3600.0
2025-01-02 11:00:00,8.7,-4.8,0.0,7.64,3600.0
2025-01-02 12:00:00,8.2,-4.3,0.0,7.07,3600.0
2025-01-02 13:00:00,8.3,-3.8,0.0,6.77,25.16
2025-01-02 14:00:00,6.3,-3.0,0.1,6.52,0.0
2025-01-02 15:00:00,3.6,-1.0,0.4,5.61,0.0
2025-01-02 16:00:00,1.7,0.1,0.9,5.0,0.0
2025-01-02 17:00:00,1.2,0.2,1.1,4.13,0.0
2025-01-02 18:00:00,0.7,0.2,0.8,2.84,0.0
2025-01-02 19:00:00,0.4,0.1,1.1,2.55,0.0
2025-01-02 20:00:00,0.2,-0.2,0.9,2.6,0.0
2025-01-02 21:00:00,-0.1,-0.4,0.5,2.46,0.0
2025-01-02 22:00:00,-0.3,-0.6,0.3,2.51,0.0
2025-01-02 23:00:00,-0.3,-0.8,0.2,2.68,0.0
2025-01-03 00:00:00,-0.4,-0.9,0.1,2.94,0.0
2025-01-03 01:00:00,-0.5,-0.9,0.1,2.74,0.0
2025-01-03 02:00:00,-0.6,-1.1,0.0,3.05,0.0
2025-01-03 03:00:00,-0.7,-1.2,0.0,3.35,0.0
2025-01-03 04:00:00,-0.5,-1.4,0.0,3.79,0.0
2025-01-03 05:00:00,-0.3,-1.3,0.0,4.12,0.0
2025-01-03 06:00:00,-0.4,-1.5,0.0,4.16,0.0
2025-01-03 07:00:00,-0.7,-2.0,0.0,4.63,0.0
2025-01-03 08:00:00,-0.9,-2.3,0.0,4.64,0.0
2025-01-03 09:00:00,-0.5,-2.8,0.0,4.98,1136.26
2025-01-03 10:00:00,-0.3,-2.6,0.0,4.33,0.0
2025-01-03 11:00:00,-0.1,-2.3,0.0,4.81,2206.96
2025-01-03 12:00:00,0.5,-2.0,0.0,4.67,3600.0
2025-01-03 13:00:00,0.6,-1.8,0.0,5.38,3600.0
2025-01-03 14:00:00,0.2,-2.3,0.0,5.76,3600.0
2025-01-03 15:00:00,-0.4,-3.1,0.0,5.8,2668.35
2025-01-03 16:00:00,-0.6,-3.3,0.0,6.15,0.0
2025-01-03 17:00:00,-0.7,-3.5,0.0,5.93,0.0
2025-01-03 18:00:00,-0.9,-3.9,0.0,6.15,0.0
2025-01-03 19:00:00,-0.8,-3.9,0.0,6.44,0.0
2025-01-03 20:00:00,-0.7,-4.1,0.0,6.91,0.0
2025-01-03 21:00:00,-0.7,-4.2,0.0,7.46,0.0
2025-01-03 22:00:00,-0.5,-3.7,0.0,6.78,0.0
2025-01-03 23:00:00,-0.4,-3.4,0.1,6.3,0.0
2025-01-04 00:00:00,-1.2,-4.3,0.0,6.29,0.0
2025-01-04 01:00:00,-1.5,-4.4,0.0,5.89,0.0
2025-01-04 02:00:00,-2.4,-5.4,0.0,5.52,0.0
2025-01-04 03:00:00,-3.1,-6.1,0.0,5.25,0.0
2025-01-04 04:00:00,-3.6,-6.4,0.0,5.11,0.0
2025-01-04 05:00:00,-3.4,-6.0,0.0,5.28,0.0
2025-01-04 06:00:00,-2.9,-6.7,0.1,4.8,0.0
2025-01-04 07:00:00,-2.8,-6.3,0.0,4.66,0.0
2025-01-04 08:00:00,-1.8,-4.9,0.0,4.85,448.39
2025-01-04 09:00:00,-1.3,-4.6,0.0,4.57,0.0
2025-01-04 10:00:00,-1.0,-5.0,0.0,5.13,2186.36
2025-01-04 11:00:00,-1.1,-5.2,0.0,4.73,3600.0
2025-01-04 12:00:00,-1.1,-5.5,0.0,4.57,2006.4
2025-01-04 13:00:00,-1.5,-4.8,0.0,3.42,3600.0
2025-01-04 14:00:00,-2.3,-5.0,0.0,2.97,3600.0
2025-01-04 15:00:00,-2.7,-4.9,0.0,2.47,960.92
2025-01-04 16:00:00,-3.0,-4.9,0.0,1.98,0.0
2025-01-04 17:00:00,-4.4,-6.0,0.0,1.41,0.0
2025-01-04 18:00:00,-4.3,-6.0,0.0,1.03,0.0
2025-01-04 19:00:00,-3.3,-5.1,0.0,0.83,0.0
2025-01-04 20:00:00,-5.5,-7.5,0.0,1.21,0.0
2025-01-04 21:00:00,-6.3,-8.5,0.0,1.38,0.0
2025-01-04 22:00:00,-5.0,-7.6,0.0,1.04,0.0
2025-01-04 23:00:00,-5.2,-7.8,0.0,1.05,0.0
2025-01-05 00:00:00,-6.8,-9.0,0.0,0.72,0.0
2025-01-05 01:00:00,-8.3,-10.3,0.0,0.25,0.0
2025-01-05 02:00:00,-7.0,-9.4,0.0,0.25,0.0
2025-01-05 03:00:00,-7.2,-9.4,0.0,0.51,0.0
2025-01-05 04:00:00,-8.5,-10.5,0.0,1.08,0.0
2025-01-05 05:00:00,-8.8,-10.9,0.0,1.3,0.0
2025-01-05 06:00:00,-7.7,-10.2,0.0,1.28,0.0
2025-01-05 07:00:00,-9.2,-11.7,0.0,1.3,0.0
2025-01-05 08:00:00,-7.7,-10.4,0.0,1.37,2340.01
2025-01-05 09:00:00,-6.1,-9.2,0.0,1.24,2328.1
2025-01-05 10:00:00,-4.9,-8.2,0.0,1.6,2504.64
2025-01-05 11:00:00,-4.0,-7.5,0.0,1.36,2059.5
2025-01-05 12:00:00,-3.2,-7.4,0.0,1.63,0.0
2025-01-05 13:00:00,-3.6,-6.5,0.0,1.86,0.0
2025-01-05 14:00:00,-3.4,-6.0,0.0,1.67,0.0
2025-01-05 15:00:00,-3.0,-6.0,0.0,1.79,0.0
2025-01-05 16:00:00,-2.5,-5.4,0.0,1.85,0.0
2025-01-05 17:00:00,-2.3,-4.8,0.0,1.68,0.0
2025-01-05 18:00:00,-1.8,-4.1,0.0,1.65,0.0
2025-01-05 19:00:00,-1.3,-3.3,0.1,1.8,0.0
2025-01-05 20:00:00,-0.9,-2.7,0.1,2.11,0.0
2025-01-05 21:00:00,-0.8,-2.2,0.2,1.76,0.0
2025-01-05 22:00:00,-0.6,-1.9,0.2,1.98,0.0
2025-01-05 23:00:00,-0.3,-1.6,2.1,1.61,0.0
2025-01-06 00:00:00,-0.3,-1.3,0.0,1.99,0.0
2025-01-06 01:00:00,-1.2,-2.1,0.1,1.17,0.0
2025-01-06 02:00:00,-0.1,-1.0,0.3,0.47,0.0
2025-01-06 03:00:00,-0.8,-1.6,0.0,0.18,0.0
2025-01-06 04:00:00,-0.2,-1.4,0.0,0.83,0.0
2025-01-06 05:00:00,0.9,-0.2,0.1,1.52,0.0
2025-01-06 06:00:00,0.9,-0.2,0.0,1.72,0.0
2025-01-06 07:00:00,2.5,0.8,0.0,2.3,0.0
2025-01-06 08:00:00,2.9,1.0,0.0,2.86,3600.0
2025-01-06 09:00:00,3.3,1.4,0.0,2.55,3600.0
2025-01-06 10:00:00,3.5,1.6,0.0,1.74,3600.0
2025-01-06 11:00:00,4.2,1.7,0.0,1.78,3600.0
2025-01-06 12:00:00,4.7,1.6,0.0,1.36,3600.0
2025-01-06 13:00:00,3.0,1.8,0.0,1.0,3600.0
2025-01-06 14:00:00,2.4,1.3,0.0,0.68,3600.0
2025-01-06 15:00:00,1.1,0.3,0.0,0.46,0.0
2025-01-06 16:00:00,0.7,-0.2,0.0,0.85,0.0
2025-01-06 17:00:00,1.9,0.7,0.0,1.25,0.0
2025-01-06 18:00:00,1.2,0.2,0.0,1.36,0.0
2025-01-06 19:00:00,-0.6,-1.6,0.0,1.24,0.0
2025-01-06 20:00:00,-0.9,-2.2,0.0,0.7,0.0
2025-01-06 21:00:00,-0.1,-2.2,0.0,0.45,0.0
2025-01-06 22:00:00,-0.7,-2.6,0.0,1.77,0.0
2025-01-06 23:00:00,1.7,0.0,0.0,3.29,0.0
2025-01-07 00:00:00,2.7,0.9,0.0,3.34,0.0
2025-01-07 01:00:00,3.7,1.0,0.0,2.72,0.0
2025-01-07 02:00:00,4.1,1.3,0.0,2.78,0.0
2025-01-07 03:00:00,4.5,1.5,0.0,2.95,0.0
2025-01-07 04:00:00,4.5,1.6,0.0,2.96,0.0
2025-01-07 05:00:00,4.3,1.7,0.0,2.84,0.0
2025-01-07 06:00:00,3.3,0.8,0.0,0.65,0.0
2025-01-07 07:00:00,2.9,0.7,0.0,0.11,0.0
2025-01-07 08:00:00,2.9,1.1,0.0,0.87,2877.57
2025-01-07 09:00:00,2.7,1.3,0.0,1.5,3600.0
2025-01-07 10:00:00,3.0,1.8,0.0,1.57,3600.0
2025-01-07 11:00:00,3.4,2.2,0.0,1.67,3112.81
2025-01-07 12:00:00,4.0,2.3,0.0,2.13,0.0
2025-01-07 13:00:00,3.6,2.6,0.4,2.8,0.0
2025-01-07 14:00:00,3.0,2.1,1.3,2.51,0.0
2025-01-07 15:00:00,3.0,2.1,1.4,3.52,0.0
2025-01-07 16:00:00,2.6,2.1,1.7,4.0,0.0
2025-01-07 17:00:00,1.9,1.6,0.8,4.38,0.0
2025-01-07 18:00:00,2.0,1.4,0.4,4.61,0.0
2025-01-07 19:00:00,2.0,1.2,0.1,3.92,0.0
2025-01-07 20:00:00,1.9,0.9,0.1,3.58,0.0
2025-01-07 21:00:00,2.1,0.7,0.0,4.25,0.0
2025-01-07 22:00:00,2.1,0.7,0.0,4.24,0.0
2025-01-07 23:00:00,1.7,0.3,0.0,4.04,0.0
2025-01-08 00:00:00,1.5,-0.1,0.0,3.87,0.0
2025-01-08 01:00:00,1.6,0.0,0.0,3.36,0.0
2025-01-08 02:00:00,0.5,-1.1,0.0,2.02,0.0
2025-01-08 03:00:00,-1.6,-2.8,0.0,1.88,0.0
2025-01-08 04:00:00,-0.8,-2.4,0.0,2.43,0.0
2025-01-08 05:00:00,1.1,-0.9,0.0,3.31,0.0
2025-01-08 06:00:00,0.8,-1.3,0.0,2.8,0.0
2025-01-08 07:00:00,0.0,-2.2,0.0,2.02,0.0
2025-01-08 08:00:00,1.3,-0.7,0.0,1.4,0.0
2025-01-08 09:00:00,1.9,0.0,0.0,1.17,0.0
2025-01-08 10:00:00,2.3,0.5,0.1,0.14,0.0
2025-01-08 11:00:00,1.9,1.0,0.0,1.0,0.0
2025-01-08 12:00:00,1.6,0.6,0.1,1.33,0.0
2025-01-08 13:00:00,1.5,1.1,0.7,4.35,0.0
2025-01-08 14:00:00,2.1,1.4,0.8,5.34,0.0
2025-01-08 15:00:00,2.2,1.5,0.2,4.8,0.0
2025-01-08 16:00:00,1.9,1.1,0.1,3.8,0.0
2025-01-08 17:00:00,1.5,0.9,0.0,3.75,0.0
2025-01-08 18:00:00,1.4,0.7,0.0,3.02,0.0
2025-01-08 19:00:00,0.6,-0.1,0.0,1.5,0.0
2025-01-08 20:00:00,-0.6,-1.2,0.0,1.19,0.0
2025-01-08 21:00:00,-0.8,-1.3,0.0,0.39,0.0
2025-01-08 22:00:00,-0.3,-0.9,0.0,0.15,0.0
2025-01-08 23:00:00,0.2,-0.3,0.0,1.32,0.0
2025-01-09 00:00:00,0.3,0.0,0.0,2.31,0.0
2025-01-09 01:00:00,0.8,0.4,0.0,2.62,0.0
2025-01-09 02:00:00,0.7,0.3,0.0,2.15,0.0
2025-01-09 03:00:00,0.1,-0.4,0.0,2.11,0.0
2025-01-09 04:00:00,0.2,-0.7,0.0,1.41,0.0
2025-01-09 05:00:00,1.4,0.1,0.0,0.91,0.0
2025-01-09 06:00:00,1.9,0.4,0.0,0.53,0.0
2025-01-09 07:00:00,1.8,0.7,0.1,1.31,0.0
2025-01-09 08:00:00,4.2,2.5,1.0,3.12,0.0
2025-01-09 09:00:00,4.2,3.2,1.2,1.73,0.0
2025-01-09 10:00:00,6.1,3.9,0.1,0.98,0.0
2025-01-09 11:00:00,6.6,5.2,0.0,0.71,3600.0
2025-01-09 12:00:00,7.8,5.2,0.0,0.97,3600.0
2025-01-09 13:00:00,9.2,5.1,0.0,1.4,3600.0
2025-01-09 14:00:00,7.8,4.4,0.0,0.96,3600.0
2025-01-09 15:00:00,6.1,2.9,0.0,2.06,755.33
2025-01-09 16:00:00,7.3,3.5,0.0,3.63,0.0
2025-01-09 17:00:00,7.8,4.4,0.0,4.04,0.0
2025-01-09 18:00:00,8.9,4.6,0.0,3.05,0.0
2025-01-09 19:00:00,7.6,4.5,0.2,3.16,0.0
2025-01-09 20:00:00,6.7,3.9,0.0,2.09,0.0
2025-01-09 21:00:00,4.6,3.3,1.3,3.56,0.0
2025-01-09 22:00:00,4.7,3.5,0.0,3.33,0.0
2025-01-09 23:00:00,3.9,3.1,0.0,2.57,0.0
2025-01-10 00:00:00,5.6,4.1,0.0,3.26,0.0
2025-01-10 01:00:00,8.2,6.2,0.2,7.91,0.0
2025-01-10 02:00:00,5.4,3.4,0.4,9.96,0.0
2025-01-10 03:00:00,1.7,0.1,0.3,6.81,0.0
2025-01-10 04:00:00,1.3,-0.8,0.1,5.53,0.0
2025-01-10 05:00:00,1.4,-0.9,0.1,5.36,0.0
2025-01-10 06:00:00,1.2,-1.0,0.2,5.32,0.0
2025-01-10 07:00:00,1.2,-0.9,0.1,5.19,0.0
2025-01-10 08:00:00,1.3,-0.9,0.2,4.97,0.0
2025-01-10 09:00:00,1.7,-1.3,0.1,5.22,0.0
2025-01-10 10:00:00,1.9,-1.6,0.1,5.43,0.0
2025-01-10 11:00:00,2.0,-2.0,0.0,6.3,0.0
2025-01-10 12:00:00,2.3,-2.1,0.0,5.81,2432.18
2025-01-10 13:00:00,2.2,-2.2,0.1,4.72,2885.58
2025-01-10 14:00:00,1.8,-2.2,0.0,4.56,3600.0
2025-01-10 15:00:00,0.9,-2.5,0.0,4.41,3181.18
2025-01-10 16:00:00,0.1,-2.7,0.0,4.43,0.0
2025-01-10 17:00:00,-0.1,-2.6,0.0,4.88,0.0
2025-01-10 18:00:00,-0.3,-3.4,0.0,4.85,0.0
2025-01-10 19:00:00,-0.4,-4.4,0.0,4.77,0.0
2025-01-10 20:00:00,0.6,-4.3,0.0,5.59,0.0
2025-01-10 21:00:00,-0.3,-4.5,0.0,5.62,0.0
2025-01-10 22:00:00,-0.1,-3.7,0.0,6.04,0.0
2025-01-10 23:00:00,0.0,-3.4,0.1,6.42,0.0
2025-01-11 00:00:00,0.1,-3.5,0.0,6.55,0.0
2025-01-11 01:00:00,0.5,-3.5,0.0,5.86,0.0
2025-01-11 02:00:00,0.2,-3.7,0.0,5.68,0.0
2025-01-11 03:00:00,0.3,-3.6,0.0,6.05,0.0
2025-01-11 04:00:00,0.3,-3.6,0.0,5.71,0.0
2025-01-11 05:00:00,0.1,-3.6,0.0,5.21,0.0
2025-01-11 06:00:00,-0.8,-3.5,0.0,5.07,0.0
2025-01-11 07:00:00,-0.5,-3.4,0.1,5.3,0.0
2025-01-11 08:00:00,-0.2,-3.7,0.0,5.21,1441.31
2025-01-11 09:00:00,0.0,-3.8,0.0,5.37,0.0
2025-01-11 10:00:00,0.4,-4.6,0.0,6.44,0.0
2025-01-11 11:00:00,0.7,-5.0,0.1,6.18,3600.0
2025-01-11 12:00:00,0.4,-4.6,0.1,6.11,1195.03
2025-01-11 13:00:00,-0.4,-3.2,0.1,4.29,0.0
2025-01-11 14:00:00,-0.6,-3.4,0.2,5.69,0.0
2025-01-11 15:00:00,-0.8,-3.5,0.2,5.69,0.0
2025-01-11 16:00:00,-1.2,-3.3,0.4,5.66,0.0
2025-01-11 17:00:00,-1.3,-3.4,0.3,6.12,0.0
2025-01-11 18:00:00,-1.6,-3.5,0.5,6.06,0.0
2025-01-11 19:00:00,-1.5,-3.4,0.3,6.31,0.0
2025-01-11 20:00:00,-1.5,-3.3,0.2,6.24,0.0
2025-01-11 21:00:00,-1.3,-3.2,0.2,6.45,0.0
2025-01-11 22:00:00,-1.3,-3.1,0.5,6.46,0.0
2025-01-11 23:00:00,-1.2,-2.9,0.5,6.24,0.0
2025-01-12 00:00:00,-1.0,-2.7,0.3,5.98,0.0
2025-01-12 01:00:00,-0.6,-2.3,0.3,6.05,0.0
2025-01-12 02:00:00,-0.3,-2.2,0.3,5.84,0.0
2025-01-12 03:00:00,-0.2,-2.2,0.1,5.37,0.0
2025-01-12 04:00:00,-0.3,-2.1,0.1,5.76,0.0
2025-01-12 05:00:00,-0.2,-2.1,0.2,5.61,0.0
2025-01-12 06:00:00,-0.1,-2.0,0.1,5.08,0.0
2025-01-12 07:00:00,0.0,-2.0,0.1,5.07,0.0
2025-01-12 08:00:00,0.2,-1.8,0.1,5.3,0.0
2025-01-12 09:00:00,0.2,-1.7,0.2,5.63,0.0
2025-01-12 10:00:00,0.4,-1.6,0.2,5.71,0.0
2025-01-12 11:00:00,0.6,-1.1,0.3,5.37,0.0
2025-01-12 12:00:00,0.6,-1.0,0.3,5.28,0.0
2025-01-12 13:00:00,0.3,-1.6,0.2,5.71,0.0
2025-01-12 14:00:00,0.1,-1.7,0.2,5.65,0.0
2025-01-12 15:00:00,0.0,-1.8,0.3,5.75,0.0
2025-01-12 16:00:00,-0.1,-1.9,0.4,5.98,0.0
2025-01-12 17:00:00,-0.2,-2.1,0.3,6.1,0.0
2025-01-12 18:00:00,-0.3,-2.2,0.2,5.79,0.0
2025-01-12 19:00:00,-0.3,-2.2,0.1,5.4,0.0
2025-01-12 20:00:00,-0.3,-2.1,0.2,4.97,0.0
2025-01-12 21:00:00,-0.3,-2.0,0.2,4.72,0.0
2025-01-12 22:00:00,-0.2,-1.8,0.3,4.3,0.0
2025-01-12 23:00:00,-0.2,-1.5,0.4,4.05,0.0
2025-01-13 00:00:00,-0.3,-1.8,0.1,4.08,0.0
2025-01-13 01:00:00,-0.4,-2.2,0.0,3.6,0.0
2025-01-13 02:00:00,-0.8,-2.7,0.0,4.17,0.0
2025-01-13 03:00:00,-1.2,-3.1,0.0,4.06,0.0
2025-01-13 04:00:00,-1.3,-3.1,0.0,3.26,0.0
2025-01-13 05:00:00,-1.5,-3.2,0.0,2.66,0.0
2025-01-13 06:00:00,-2.0,-3.8,0.0,2.8,0.0
2025-01-13 07:00:00,-2.9,-4.6,0.0,3.0,0.0
2025-01-13 08:00:00,-2.6,-4.3,0.0,3.41,3600.0
2025-01-13 09:00:00,-1.9,-3.7,0.0,2.53,3600.0
2025-01-13 10:00:00,-1.4,-3.7,0.0,2.01,3600.0
2025-01-13 11:00:00,-1.1,-3.9,0.0,1.78,971.37
2025-01-13 12:00:00,-1.0,-3.6,0.0,1.89,2214.14
2025-01-13 13:00:00,-1.0,-2.8,0.0,2.04,0.0
2025-01-13 14:00:00,-1.1,-2.9,0.0,1.84,0.0
2025-01-13 15:00:00,-1.4,-3.1,0.0,1.61,0.0
2025-01-13 16:00:00,-1.6,-3.2,0.0,2.02,0.0
2025-01-13 17:00:00,-2.1,-3.6,0.0,2.07,0.0
2025-01-13 18:00:00,-2.4,-3.9,0.0,2.04,0.0
2025-01-13 19:00:00,-3.0,-4.4,0.0,1.28,0.0
2025-01-13 20:00:00,-4.5,-5.7,0.0,1.23,0.0
2025-01-13 21:00:00,-4.8,-6.0,0.0,1.81,0.0
2025-01-13 22:00:00,-6.1,-7.4,0.0,2.02,0.0
2025-01-13 23:00:00,-7.5,-8.5,0.0,1.72,0.0
2025-01-14 00:00:00,-7.8,-8.7,0.0,1.91,0.0
2025-01-14 01:00:00,-6.9,-7.4,0.0,2.36,0.0
2025-01-14 02:00:00,-6.8,-7.5,0.0,2.71,0.0
2025-01-14 03:00:00,-6.3,-6.9,0.0,3.25,0.0
2025-01-14 04:00:00,-5.6,-6.2,0.0,3.7,0.0
2025-01-14 05:00:00,-4.9,-5.4,0.0,3.51,0.0
2025-01-14 06:00:00,-4.6,-5.2,0.0,3.29,0.0
2025-01-14 07:00:00,-4.8,-5.5,0.0,3.34,0.0
2025-01-14 08:00:00,-4.9,-6.0,0.0,3.13,3509.59
2025-01-14 09:00:00,-4.5,-6.5,0.0,3.0,3600.0
2025-01-14 10:00:00,-3.7,-6.5,0.0,3.09,3600.0
2025-01-14 11:00:00,-3.2,-6.6,0.0,3.34,3600.0
2025-01-14 12:00:00,-2.5,-6.4,0.0,3.54,3600.0
2025-01-14 13:00:00,-1.3,-5.1,0.0,3.84,3600.0
2025-01-14 14:00:00,-1.1,-5.0,0.0,4.01,3600.0
2025-01-14 15:00:00,-0.7,-4.5,0.0,4.24,0.0
2025-01-14 16:00:00,-0.3,-4.2,0.0,4.68,0.0
2025-01-14 17:00:00,-0.2,-4.2,0.0,5.12,0.0
2025-01-14 18:00:00,-0.3,-4.5,0.0,5.19,0.0
2025-01-14 19:00:00,-0.3,-4.6,0.0,5.26,0.0
2025-01-14 20:00:00,-0.4,-4.7,0.0,5.21,0.0
2025-01-14 21:00:00,-0.3,-4.7,0.0,5.18,0.0
2025-01-14 22:00:00,-0.3,-4.3,0.1,5.36,0.0
2025-01-14 23:00:00,-0.1,-4.0,0.1,5.2,0.0
2025-01-15 00:00:00,-0.2,-3.5,0.4,5.52,0.0
2025-01-15 01:00:00,-0.4,-2.1,0.7,6.27,0.0
2025-01-15 02:00:00,-0.5,-1.6,1.2,5.91,0.0
2025-01-15 03:00:00,-0.4,-1.6,0.1,5.52,0.0
2025-01-15 04:00:00,-0.5,-1.3,0.1,5.32,0.0
2025-01-15 05:00:00,-0.5,-0.8,0.1,4.89,0.0
2025-01-15 06:00:00,0.0,-1.0,0.4,4.42,0.0
2025-01-15 07:00:00,0.0,-0.9,0.2,4.17,0.0
2025-01-15 08:00:00,0.3,-0.7,0.2,4.02,0.0
2025-01-15 09:00:00,0.5,-0.5,0.0,3.91,0.0
2025-01-15 10:00:00,0.8,-0.2,0.0,3.75,0.0
2025-01-15 11:00:00,1.0,-0.1,0.0,3.16,0.0
2025-01-15 12:00:00,1.1,0.1,0.0,2.23,0.0
2025-01-15 13:00:00,0.8,-0.1,0.1,2.18,0.0
2025-01-15 14:00:00,0.8,-0.1,0.2,2.0,0.0
2025-01-15 15:00:00,0.7,0.0,0.2,1.94,0.0
2025-01-15 16:00:00,0.6,0.1,0.3,1.77,0.0
2025-01-15 17:00:00,0.6,0.1,0.4,1.47,0.0
2025-01-15 18:00:00,0.7,0.2,0.4,1.07,0.0
2025-01-15 19:00:00,0.8,0.2,0.1,0.96,0.0
2025-01-15 20:00:00,0.9,0.3,0.0,1.01,0.0
2025-01-15 21:00:00,0.8,0.2,0.0,0.86,0.0
2025-01-15 22:00:00,0.8,0.2,0.1,0.71,0.0
2025-01-15 23:00:00,0.9,0.3,0.1,1.06,0.0
2025-01-16 00:00:00,0.9,0.3,0.1,1.5,0.0
2025-01-16 01:00:00,1.0,0.4,0.1,1.25,0.0
2025-01-16 02:00:00,1.0,0.4,0.2,1.11,0.0
2025-01-16 03:00:00,0.9,0.4,0.1,1.0,0.0
2025-01-16 04:00:00,0.9,0.4,0.0,0.94,0.0
2025-01-16 05:00:00,0.9,0.4,0.0,0.91,0.0
2025-01-16 06:00:00,0.9,0.4,0.0,1.0,0.0
2025-01-16 07:00:00,0.8,0.3,0.1,0.91,0.0
2025-01-16 08:00:00,0.9,0.3,0.1,1.1,0.0
2025-01-16 09:00:00,1.1,0.4,0.0,1.35,0.0
2025-01-16 10:00:00,1.2,0.5,0.0,1.62,0.0
2025-01-16 11:00:00,1.1,0.5,0.0,1.84,0.0
2025-01-16 12:00:00,1.0,0.5,0.0,2.28,0.0
2025-01-16 13:00:00,0.8,0.3,0.0,2.77,0.0
2025-01-16 14:00:00,0.8,0.2,0.0,2.77,0.0
2025-01-16 15:00:00,0.8,0.1,0.0,2.73,0.0
2025-01-16 16:00:00,0.8,0.1,0.0,2.87,0.0
2025-01-16 17:00:00,0.8,0.1,0.0,2.84,0.0
2025-01-16 18:00:00,0.8,0.2,0.0,2.63,0.0
2025-01-16 19:00:00,0.8,0.2,0.0,2.59,0.0
2025-01-16 20:00:00,0.8,0.2,0.0,2.86,0.0
2025-01-16 21:00:00,0.8,0.1,0.0,3.18,0.0
2025-01-16 22:00:00,0.8,0.1,0.0,3.39,0.0
2025-01-16 23:00:00,0.7,-0.1,0.0,3.1,0.0
2025-01-17 00:00:00,0.4,-0.4,0.0,3.0,0.0
2025-01-17 01:00:00,1.0,0.2,0.0,3.95,0.0
2025-01-17 02:00:00,0.6,-0.1,0.0,4.44,0.0
2025-01-17 03:00:00,0.3,-0.5,0.0,4.89,0.0
2025-01-17 04:00:00,0.1,-0.6,0.0,5.23,0.0
2025-01-17 05:00:00,-0.2,-1.1,0.0,5.45,0.0
2025-01-17 06:00:00,-0.5,-1.4,0.0,5.34,0.0
2025-01-17 07:00:00,-0.5,-1.4,0.0,4.84,0.0
2025-01-17 08:00:00,-0.2,-1.2,0.0,4.54,3600.0
2025-01-17 09:00:00,0.4,-0.7,0.0,4.61,3600.0
2025-01-17 10:00:00,0.8,-0.5,0.0,4.2,3600.0
2025-01-17 11:00:00,1.1,-0.2,0.0,3.62,3600.0
2025-01-17 12:00:00,1.4,-0.2,0.0,3.61,3600.0
2025-01-17 13:00:00,2.1,0.1,0.0,4.49,3600.0
2025-01-17 14:00:00,1.9,-0.1,0.0,4.82,3600.0
2025-01-17 15:00:00,1.4,-0.5,0.0,4.89,3600.0
2025-01-17 16:00:00,0.9,-0.8,0.0,4.89,0.0
2025-01-17 17:00:00,0.4,-1.1,0.0,4.74,0.0
2025-01-17 18:00:00,0.1,-1.4,0.0,4.54,0.0
2025-01-17 19:00:00,-0.3,-1.6,0.0,4.37,0.0
2025-01-17 20:00:00,-0.6,-1.7,0.0,4.31,0.0
2025-01-17 21:00:00,-1.0,-2.0,0.0,4.18,0.0
2025-01-17 22:00:00,-1.3,-2.3,0.0,3.97,0.0
2025-01-17 23:00:00,-1.5,-2.6,0.0,3.86,0.0
2025-01-18 00:00:00,-1.7,-2.8,0.0,3.65,0.0
2025-01-18 01:00:00,-1.2,-2.2,0.0,3.71,0.0
2025-01-18 02:00:00,-1.5,-2.5,0.0,3.89,0.0
2025-01-18 03:00:00,-1.6,-2.7,0.0,4.1,0.0
2025-01-18 04:00:00,-1.6,-2.9,0.0,3.7,0.0
2025-01-18 05:00:00,-1.3,-2.9,0.0,3.08,0.0
2025-01-18 06:00:00,-1.3,-2.9,0.0,2.89,0.0
2025-01-18 07:00:00,-1.6,-3.0,0.0,3.0,0.0
2025-01-18 08:00:00,-1.1,-2.5,0.0,3.22,3600.0
2025-01-18 09:00:00,0.4,-1.7,0.0,2.72,3600.0
2025-01-18 10:00:00,1.5,-1.1,0.0,2.71,3600.0
2025-01-18 11:00:00,2.1,-0.9,0.0,3.11,3600.0
2025-01-18 12:00:00,2.4,-0.6,0.0,2.98,3600.0
2025-01-18 13:00:00,2.9,-0.2,0.0,2.96,3600.0
2025-01-18 14:00:00,2.8,-0.1,0.0,3.17,3600.0
2025-01-18 15:00:00,1.9,-0.4,0.0,3.25,3600.0
2025-01-18 16:00:00,0.9,-0.9,0.0,3.31,0.0
2025-01-18 17:00:00,0.3,-1.3,0.0,3.08,0.0
2025-01-18 18:00:00,-0.2,-1.7,0.0,2.84,0.0
2025-01-18 19:00:00,-0.8,-2.3,0.0,2.55,0.0
2025-01-18 20:00:00,-1.4,-2.7,0.0,2.37,0.0
2025-01-18 21:00:00,-2.0,-3.3,0.0,2.29,0.0
2025-01-18 22:00:00,-2.6,-3.9,0.0,1.61,0.0
2025-01-18 23:00:00,-3.6,-4.9,0.0,0.36,0.0
2025-01-19 00:00:00,-4.1,-5.2,0.0,0.45,0.0
2025-01-19 01:00:00,-3.3,-4.5,0.0,1.4,0.0
2025-01-19 02:00:00,-3.9,-5.0,0.0,1.1,0.0
2025-01-19 03:00:00,-4.0,-5.0,0.0,1.49,0.0
2025-01-19 04:00:00,-4.0,-5.0,0.0,1.4,0.0
2025-01-19 05:00:00,-4.1,-5.1,0.0,0.96,0.0
2025-01-19 06:00:00,-4.0,-5.1,0.0,0.61,0.0
2025-01-19 07:00:00,-3.9,-5.0,0.0,0.25,127.36
2025-01-19 08:00:00,-2.0,-3.5,0.0,0.1,3600.0
2025-01-19 09:00:00,-0.5,-2.8,0.0,0.21,3600.0
2025-01-19 10:00:00,0.6,-1.8,0.0,0.18,3600.0
2025-01-19 11:00:00,1.5,-1.5,0.0,0.05,3600.0
2025-01-19 12:00:00,2.2,-1.3,0.0,0.05,3600.0
2025-01-19 13:00:00,2.3,-0.6,0.0,0.21,3600.0
2025-01-19 14:00:00,2.0,-1.0,0.0,0.3,3600.0
2025-01-19 15:00:00,0.4,-2.2,0.0,0.25,3600.0
2025-01-19 16:00:00,-0.7,-2.7,0.0,0.16,0.0
2025-01-19 17:00:00,-1.6,-2.9,0.0,0.05,0.0
2025-01-19 18:00:00,-2.0,-3.0,0.0,0.05,0.0
2025-01-19 19:00:00,-1.9,-3.1,0.0,0.0,0.0
2025-01-19 20:00:00,-2.2,-3.3,0.0,0.27,0.0
2025-01-19 21:00:00,-2.7,-3.9,0.0,1.1,0.0
2025-01-19 22:00:00,-2.2,-3.6,0.0,1.4,0.0
2025-01-19 23:00:00,-2.6,-3.7,0.0,1.77,0.0
2025-01-20 00:00:00,-3.0,-4.0,0.0,1.78,0.0
2025-01-20 01:00:00,-2.6,-3.4,0.0,1.75,0.0
2025-01-20 02:00:00,-2.6,-3.4,0.0,1.67,0.0
2025-01-20 03:00:00,-3.3,-3.9,0.0,1.21,0.0
2025-01-20 04:00:00,-4.0,-4.3,0.0,1.14,0.0
2025-01-20 05:00:00,-3.9,-4.1,0.0,1.26,0.0
2025-01-20 06:00:00,-3.0,-3.2,0.0,1.55,0.0
2025-01-20 07:00:00,-2.7,-3.0,0.0,1.84,0.0
2025-01-20 08:00:00,-2.0,-2.5,0.0,1.7,2147.78
2025-01-20 09:00:00,-1.6,-2.0,0.0,1.71,3600.0
2025-01-20 10:00:00,-0.9,-1.6,0.0,1.37,3600.0
2025-01-20 11:00:00,-0.2,-1.2,0.0,1.39,3600.0
2025-01-20 12:00:00,0.6,-1.1,0.0,0.78,3600.0
2025-01-20 13:00:00,1.8,-1.2,0.0,1.26,3600.0
2025-01-20 14:00:00,1.7,-1.3,0.0,0.81,3600.0
2025-01-20 15:00:00,0.2,-1.8,0.0,0.82,3600.0
2025-01-20 16:00:00,-0.2,-2.2,0.0,0.9,0.0
2025-01-20 17:00:00,-0.5,-2.4,0.0,1.15,0.0
2025-01-20 18:00:00,-0.6,-2.6,0.0,1.15,0.0
2025-01-20 19:00:00,-0.7,-2.7,0.0,1.1,0.0
2025-01-20 20:00:00,-1.1,-3.0,0.0,1.0,0.0
2025-01-20 21:00:00,-1.2,-3.1,0.0,0.7,0.0
2025-01-20 22:00:00,-1.6,-3.4,0.0,0.75,0.0
2025-01-20 23:00:00,-1.3,-3.1,0.0,1.1,0.0
2025-01-21 00:00:00,-1.5,-3.1,0.0,1.2,0.0
2025-01-21 01:00:00,-1.0,-2.7,0.0,2.07,0.0
2025-01-21 02:00:00,-1.5,-3.1,0.0,1.98,0.0
2025-01-21 03:00:00,-2.0,-3.5,0.0,1.96,0.0
2025-01-21 04:00:00,-1.9,-3.7,0.0,2.12,0.0
2025-01-21 05:00:00,-1.8,-3.7,0.0,2.35,0.0
2025-01-21 06:00:00,-2.3,-3.8,0.0,2.14,0.0
2025-01-21 07:00:00,-2.7,-3.9,0.0,2.25,0.0
2025-01-21 08:00:00,-2.0,-4.0,0.0,1.98,3600.0
2025-01-21 09:00:00,-1.1,-3.7,0.0,1.3,3600.0
2025-01-21 10:00:00,-0.3,-3.4,0.0,1.5,3600.0
2025-01-21 11:00:00,0.5,-3.0,0.0,1.48,3600.0
2025-01-21 12:00:00,0.9,-2.6,0.0,1.62,3586.14
2025-01-21 13:00:00,0.9,-2.2,0.0,1.64,0.0
2025-01-21 14:00:00,0.6,-2.1,0.0,1.58,0.0
2025-01-21 15:00:00,-0.2,-2.1,0.0,1.97,0.0
2025-01-21 16:00:00,-0.6,-2.3,0.0,1.84,0.0
2025-01-21 17:00:00,-0.6,-2.4,0.0,1.98,0.0
2025-01-21 18:00:00,-0.7,-2.6,0.0,2.11,0.0
2025-01-21 19:00:00,-0.8,-2.8,0.0,2.12,0.0
2025-01-21 20:00:00,-1.0,-3.0,0.0,2.38,0.0
2025-01-21 21:00:00,-1.3,-3.1,0.0,2.34,0.0
2025-01-21 22:00:00,-1.5,-3.2,0.0,2.17,0.0
2025-01-21 23:00:00,-1.5,-3.3,0.0,1.82,0.0
2025-01-22 00:00:00,-1.2,-3.2,0.0,1.68,0.0
2025-01-22 01:00:00,-0.6,-2.5,0.0,1.5,0.0
2025-01-22 02:00:00,-0.6,-2.5,0.0,1.78,0.0
2025-01-22 03:00:00,-0.7,-2.2,0.1,1.91,0.0
2025-01-22 04:00:00,-0.6,-2.1,0.2,1.99,0.0
2025-01-22 05:00:00,-0.6,-2.0,0.2,2.02,0.0
2025-01-22 06:00:00,-0.9,-2.1,0.1,2.06,0.0
2025-01-22 07:00:00,-2.2,-3.1,0.0,1.88,24.15
2025-01-22 08:00:00,-1.3,-2.7,0.0,1.29,3600.0
2025-01-22 09:00:00,-0.1,-2.3,0.0,1.12,3600.0
2025-01-22 10:00:00,1.1,-1.8,0.0,0.64,3600.0
2025-01-22 11:00:00,1.6,-1.1,0.0,0.32,3600.0
2025-01-22 12:00:00,2.1,-0.8,0.0,0.32,3600.0
2025-01-22 13:00:00,2.2,-0.3,0.0,0.18,3600.0
2025-01-22 14:00:00,2.1,-0.5,0.0,0.0,3600.0
2025-01-22 15:00:00,0.5,-1.7,0.0,0.07,3600.0
2025-01-22 16:00:00,-0.5,-2.2,0.0,0.11,0.0
2025-01-22 17:00:00,-1.5,-2.5,0.0,0.05,0.0
2025-01-22 18:00:00,-2.3,-2.9,0.0,0.16,0.0
2025-01-22 19:00:00,-2.5,-3.2,0.0,0.18,0.0
2025-01-22 20:00:00,-2.6,-3.1,0.0,0.1,0.0
2025-01-22 21:00:00,-2.9,-3.2,0.0,0.47,0.0
2025-01-22 22:00:00,-2.2,-2.6,0.0,1.07,0.0
2025-01-22 23:00:00,-2.7,-3.1,0.0,0.9,0.0
2025-01-23 00:00:00,-2.5,-3.1,0.0,1.61,0.0
2025-01-23 01:00:00,-1.8,-2.0,0.0,1.3,0.0
2025-01-23 02:00:00,-1.9,-2.0,0.0,1.7,0.0
2025-01-23 03:00:00,-2.0,-2.2,0.0,1.57,0.0
2025-01-23 04:00:00,-1.9,-2.4,0.0,0.9,0.0
2025-01-23 05:00:00,-2.0,-2.2,0.0,0.22,0.0
2025-01-23 06:00:00,-2.2,-2.3,0.0,1.48,0.0
2025-01-23 07:00:00,-2.6,-2.8,0.0,2.04,0.0
2025-01-23 08:00:00,-2.1,-2.4,0.0,1.9,0.0
2025-01-23 09:00:00,-1.1,-1.5,0.0,1.78,0.0
2025-01-23 10:00:00,0.5,-1.2,0.0,1.88,2241.14
2025-01-23 11:00:00,1.7,-0.6,0.0,1.72,3600.0
2025-01-23 12:00:00,2.5,-0.2,0.0,1.5,3600.0
2025-01-23 13:00:00,3.1,-0.9,0.0,1.44,3600.0
2025-01-23 14:00:00,2.8,-0.9,0.0,1.48,3600.0
2025-01-23 15:00:00,1.2,-0.9,0.0,1.71,354.5
2025-01-23 16:00:00,2.4,0.0,0.0,3.58,0.0
2025-01-23 17:00:00,2.7,1.0,0.1,4.32,0.0
2025-01-23 18:00:00,2.3,1.1,0.1,3.97,0.0
2025-01-23 19:00:00,2.3,1.1,0.1,4.2,0.0
2025-01-23 20:00:00,2.2,0.8,0.0,4.75,0.0
2025-01-23 21:00:00,1.9,0.6,0.0,4.17,0.0
2025-01-23 22:00:00,1.6,0.5,0.0,3.58,0.0
2025-01-23 23:00:00,1.3,0.4,0.0,3.23,0.0
2025-01-24 00:00:00,1.0,0.1,0.0,3.2,0.0
2025-01-24 01:00:00,0.2,-0.8,0.0,2.55,0.0
2025-01-24 02:00:00,-0.5,-1.5,0.0,1.93,0.0
2025-01-24 03:00:00,-1.7,-2.5,0.0,1.45,0.0
2025-01-24 04:00:00,-1.0,-1.8,0.0,1.93,0.0
2025-01-24 05:00:00,0.1,-0.9,0.0,1.72,0.0
2025-01-24 06:00:00,0.0,-0.8,0.0,0.96,0.0
2025-01-24 07:00:00,-0.4,-1.1,0.0,0.89,0.0
2025-01-24 08:00:00,0.7,-0.4,0.0,1.06,1353.06
2025-01-24 09:00:00,2.1,0.4,0.0,0.72,3600.0
2025-01-24 10:00:00,3.3,0.9,0.0,1.01,3600.0
2025-01-24 11:00:00,4.3,0.6,0.0,0.93,3600.0
2025-01-24 12:00:00,5.2,-0.1,0.0,1.52,3600.0
2025-01-24 13:00:00,5.3,-0.2,0.0,1.45,3600.0
2025-01-24 14:00:00,4.6,0.6,0.0,0.98,3600.0
2025-01-24 15:00:00,2.6,-1.1,0.0,1.22,3600.0
2025-01-24 16:00:00,0.9,-2.0,0.0,1.51,0.0
2025-01-24 17:00:00,0.4,-2.3,0.0,1.7,0.0
2025-01-24 18:00:00,-0.4,-2.7,0.0,1.55,0.0
2025-01-24 19:00:00,-0.8,-3.0,0.0,1.45,0.0
2025-01-24 20:00:00,-0.8,-3.0,0.0,1.25,0.0
2025-01-24 21:00:00,-0.3,-2.9,0.0,0.68,0.0
2025-01-24 22:00:00,-0.1,-2.9,0.0,0.74,0.0
2025-01-24 23:00:00,-0.3,-3.0,0.0,1.2,0.0
2025-01-25 00:00:00,0.0,-2.6,0.0,1.25,0.0
2025-01-25 01:00:00,1.2,-1.2,0.0,2.03,0.0
2025-01-25 02:00:00,1.3,-1.2,0.0,0.54,0.0
2025-01-25 03:00:00,1.5,-1.1,0.0,0.29,0.0
2025-01-25 04:00:00,1.7,-0.8,0.0,0.1,0.0
2025-01-25 05:00:00,1.8,-0.9,0.0,0.25,0.0
2025-01-25 06:00:00,1.7,-0.8,0.0,0.52,0.0
2025-01-25 07:00:00,2.2,-0.5,0.0,1.2,0.0
2025-01-25 08:00:00,3.1,0.1,0.0,1.63,3600.0
2025-01-25 09:00:00,5.2,0.8,0.0,1.19,3600.0
2025-01-25 10:00:00,6.2,1.5,0.0,0.6,3600.0
2025-01-25 11:00:00,7.7,1.8,0.0,0.1,3600.0
2025-01-25 12:00:00,8.3,2.1,0.0,0.54,3600.0
2025-01-25 13:00:00,5.6,2.0,0.0,0.83,3600.0
2025-01-25 14:00:00,5.5,1.7,0.0,0.7,3600.0
2025-01-25 15:00:00,5.6,1.7,0.0,0.21,188.32
2025-01-25 16:00:00,4.1,0.8,0.0,0.78,0.0
2025-01-25 17:00:00,4.3,1.1,0.0,3.0,0.0
2025-01-25 18:00:00,4.0,1.0,0.0,2.36,0.0
2025-01-25 19:00:00,2.7,0.8,0.0,1.26,0.0
2025-01-25 20:00:00,2.0,0.2,0.0,0.21,0.0
2025-01-25 21:00:00,1.8,-0.3,0.0,0.21,0.0
2025-01-25 22:00:00,2.2,-0.3,0.0,0.1,0.0
2025-01-25 23:00:00,1.8,-0.7,0.0,0.68,0.0
2025-01-26 00:00:00,2.2,-0.5,0.0,1.79,0.0
2025-01-26 01:00:00,1.3,-0.7,0.0,0.96,0.0
2025-01-26 02:00:00,1.3,-0.1,0.0,2.35,0.0
2025-01-26 03:00:00,0.2,-0.3,0.0,2.52,0.0
2025-01-26 04:00:00,0.1,-0.3,0.0,2.3,0.0
2025-01-26 05:00:00,0.1,-0.1,0.0,2.01,0.0
2025-01-26 06:00:00,0.3,-0.2,0.0,1.95,0.0
2025-01-26 07:00:00,0.5,0.0,0.0,1.88,0.0
2025-01-26 08:00:00,1.3,0.7,0.0,1.84,0.0
2025-01-26 09:00:00,2.6,1.7,0.0,1.85,1950.14
2025-01-26 10:00:00,5.5,2.6,0.0,2.02,3600.0
2025-01-26 11:00:00,8.2,4.1,0.0,1.66,3600.0
2025-01-26 12:00:00,9.9,4.0,0.0,4.62,3600.0
2025-01-26 13:00:00,8.6,4.6,0.0,2.31,3600.0
2025-01-26 14:00:00,8.2,4.2,0.0,4.04,3600.0
2025-01-26 15:00:00,6.5,3.8,0.0,3.85,1480.79
2025-01-26 16:00:00,5.5,3.3,0.0,4.13,0.0
2025-01-26 17:00:00,5.1,3.0,0.0,4.41,0.0
2025-01-26 18:00:00,4.4,2.6,0.0,3.5,0.0
2025-01-26 19:00:00,3.9,2.4,0.0,2.39,0.0
2025-01-26 20:00:00,3.9,2.4,0.0,2.04,0.0
2025-01-26 21:00:00,3.0,1.8,0.0,1.55,0.0
2025-01-26 22:00:00,2.4,1.3,0.0,1.43,0.0
2025-01-26 23:00:00,2.3,1.2,0.0,1.1,0.0
2025-01-27 00:00:00,1.9,0.8,0.0,0.56,0.0
2025-01-27 01:00:00,1.7,0.4,0.0,1.2,0.0
2025-01-27 02:00:00,1.8,0.5,0.0,0.21,0.0
2025-01-27 03:00:00,1.6,0.3,0.0,1.35,0.0
2025-01-27 04:00:00,2.6,0.9,0.0,1.45,0.0
2025-01-27 05:00:00,2.9,0.8,0.0,2.1,0.0
2025-01-27 06:00:00,1.9,0.8,0.0,2.71,0.0
2025-01-27 07:00:00,1.4,0.5,0.0,2.02,250.55
2025-01-27 08:00:00,2.7,1.8,0.0,1.95,3600.0
2025-01-27 09:00:00,4.7,3.4,0.0,1.5,3600.0
2025-01-27 10:00:00,6.9,5.2,0.0,1.87,3600.0
2025-01-27 11:00:00,8.4,5.9,0.0,1.12,3600.0
2025-01-27 12:00:00,9.7,5.4,0.0,1.65,3600.0
2025-01-27 13:00:00,11.3,5.5,0.0,2.33,3600.0
2025-01-27 14:00:00,10.3,4.6,0.0,2.35,3600.0
2025-01-27 15:00:00,8.3,3.9,0.0,2.5,3600.0
2025-01-27 16:00:00,7.2,3.3,0.0,1.94,0.0
2025-01-27 17:00:00,5.7,2.6,0.0,1.12,0.0
2025-01-27 18:00:00,4.1,2.0,0.0,2.15,0.0
2025-01-27 19:00:00,2.5,0.9,0.0,1.48,0.0
2025-01-27 20:00:00,2.1,0.7,0.0,2.33,0.0
2025-01-27 21:00:00,2.0,0.3,0.0,2.11,0.0
2025-01-27 22:00:00,1.9,0.2,0.0,1.78,0.0
2025-01-27 23:00:00,1.9,-0.5,0.0,0.91,0.0
2025-01-28 00:00:00,2.6,-0.4,0.0,0.05,0.0
2025-01-28 01:00:00,2.6,0.2,0.0,1.48,0.0
2025-01-28 02:00:00,2.2,-0.3,0.0,0.27,0.0
2025-01-28 03:00:00,1.6,-0.6,0.0,0.79,0.0
2025-01-28 04:00:00,0.8,-0.7,0.0,1.81,0.0
2025-01-28 05:00:00,0.7,-0.7,0.0,2.09,0.0
2025-01-28 06:00:00,0.5,-1.1,0.0,1.52,0.0
2025-01-28 07:00:00,1.1,-0.5,0.0,1.63,1043.4
2025-01-28 08:00:00,2.5,1.0,0.0,1.48,3600.0
2025-01-28 09:00:00,4.5,2.4,0.0,1.68,3600.0
2025-01-28 10:00:00,6.9,3.6,0.0,1.97,3600.0
2025-01-28 11:00:00,8.8,5.5,0.0,2.33,3600.0
2025-01-28 12:00:00,8.7,6.0,0.0,3.06,3600.0
2025-01-28 13:00:00,8.0,5.6,0.0,2.62,0.0
2025-01-28 14:00:00,8.2,6.0,0.0,3.15,0.0
2025-01-28 15:00:00,8.0,5.8,0.0,1.82,0.0
2025-01-28 16:00:00,6.7,4.9,0.0,1.35,0.0
2025-01-28 17:00:00,5.0,3.8,0.0,0.96,0.0
2025-01-28 18:00:00,4.8,3.7,0.0,1.95,0.0
2025-01-28 19:00:00,5.2,3.4,0.0,1.31,0.0
2025-01-28 20:00:00,5.3,3.5,0.2,1.42,0.0
2025-01-28 21:00:00,4.7,2.8,0.0,0.29,0.0
2025-01-28 22:00:00,5.6,3.5,0.0,1.91,0.0
2025-01-28 23:00:00,5.2,3.9,0.0,2.66,0.0
2025-01-29 00:00:00,5.4,4.4,0.0,3.25,0.0
2025-01-29 01:00:00,6.8,6.1,0.4,4.05,0.0
2025-01-29 02:00:00,6.6,5.9,0.0,5.21,0.0
2025-01-29 03:00:00,5.5,4.9,0.0,4.51,0.0
2025-01-29 04:00:00,4.5,4.0,0.0,3.8,0.0
2025-01-29 05:00:00,4.1,3.5,0.0,3.75,0.0
2025-01-29 06:00:00,4.3,3.6,0.0,3.31,0.0
2025-01-29 07:00:00,3.5,3.0,0.0,3.26,162.02
2025-01-29 08:00:00,4.2,3.4,0.0,2.88,3600.0
2025-01-29 09:00:00,6.2,4.0,0.0,2.25,3600.0
2025-01-29 10:00:00,8.1,4.2,0.0,1.97,3600.0
2025-01-29 11:00:00,9.6,3.0,0.0,3.65,3600.0
2025-01-29 12:00:00,10.1,1.7,0.0,6.27,3600.0
2025-01-29 13:00:00,10.1,2.4,0.0,4.99,3600.0
2025-01-29 14:00:00,9.6,2.4,0.0,4.78,1351.81
2025-01-29 15:00:00,8.6,2.3,0.0,5.05,3600.0
2025-01-29 16:00:00,7.6,2.1,0.0,4.47,128.27
2025-01-29 17:00:00,6.4,2.0,0.0,3.31,0.0
2025-01-29 18:00:00,5.5,1.8,0.0,2.48,0.0
2025-01-29 19:00:00,4.8,1.7,0.0,1.77,0.0
2025-01-29 20:00:00,4.0,1.3,0.0,1.56,0.0
2025-01-29 21:00:00,3.4,1.0,0.0,1.59,0.0
2025-01-29 22:00:00,2.8,0.4,0.0,1.56,0.0
2025-01-29 23:00:00,2.3,0.0,0.0,1.42,0.0
2025-01-30 00:00:00,1.9,-0.3,0.0,0.86,0.0
2025-01-30 01:00:00,2.2,-0.1,0.0,0.57,0.0
2025-01-30 02:00:00,1.7,-0.4,0.0,0.05,0.0
2025-01-30 03:00:00,1.4,-0.8,0.0,0.25,0.0
2025-01-30 04:00:00,1.8,-0.9,0.0,0.11,0.0
2025-01-30 05:00:00,1.7,-0.9,0.0,0.27,0.0
2025-01-30 06:00:00,1.3,-1.0,0.0,0.16,0.0
2025-01-30 07:00:00,1.0,-0.8,0.0,0.21,2191.18
2025-01-30 08:00:00,2.4,0.4,0.0,0.6,3600.0
2025-01-30 09:00:00,4.8,1.9,0.0,0.87,3600.0
2025-01-30 10:00:00,7.2,3.1,0.0,0.89,3600.0
2025-01-30 11:00:00,9.2,4.4,0.0,1.03,3600.0
2025-01-30 12:00:00,10.4,4.5,0.0,1.35,3600.0
2025-01-30 13:00:00,10.1,4.5,0.0,1.6,3600.0
2025-01-30 14:00:00,9.4,4.1,0.0,2.41,3600.0
2025-01-30 15:00:00,8.1,3.8,0.0,2.42,3600.0
2025-01-30 16:00:00,6.1,2.9,0.0,1.82,74.1
2025-01-30 17:00:00,4.1,1.5,0.0,0.92,0.0
2025-01-30 18:00:00,3.1,1.1,0.0,0.07,0.0
2025-01-30 19:00:00,2.0,0.6,0.0,0.93,0.0
2025-01-30 20:00:00,1.8,0.1,0.0,0.85,0.0
2025-01-30 21:00:00,1.3,-0.5,0.0,0.81,0.0
2025-01-30 22:00:00,0.7,-1.0,0.0,1.0,0.0
2025-01-30 23:00:00,0.1,-1.5,0.0,0.86,0.0
2025-01-31 00:00:00,-0.1,-1.6,0.0,0.91,0.0
2025-01-31 01:00:00,-0.5,-2.2,0.0,0.94,0.0
2025-01-31 02:00:00,-0.8,-2.2,0.0,0.67,0.0
2025-01-31 03:00:00,-0.3,-2.0,0.0,0.71,0.0
2025-01-31 04:00:00,1.3,-1.6,0.0,1.35,0.0
2025-01-31 05:00:00,1.3,-1.5,0.0,2.42,0.0
2025-01-31 06:00:00,0.9,-1.6,0.0,2.6,0.0
2025-01-31 07:00:00,0.9,-1.4,0.0,3.06,2345.21
2025-01-31 08:00:00,2.7,-0.5,0.0,3.08,3600.0
2025-01-31 09:00:00,5.4,1.5,0.0,4.24,3600.0
2025-01-31 10:00:00,7.0,2.6,0.0,3.92,3600.0
2025-01-31 11:00:00,7.4,2.4,0.0,5.36,3600.0
2025-01-31 12:00:00,6.5,2.3,0.0,5.63,3600.0
2025-01-31 13:00:00,4.6,2.3,0.1,4.88,379.01
2025-01-31 14:00:00,3.3,1.8,0.3,4.05,0.0
2025-01-31 15:00:00,2.7,1.7,0.0,3.79,258.18
2025-01-31 16:00:00,1.4,0.9,0.0,3.6,19.48
2025-01-31 17:00:00,1.2,0.5,0.0,3.25,0.0
2025-01-31 18:00:00,0.3,-0.5,0.0,3.1,0.0
2025-01-31 19:00:00,-0.1,-0.9,0.0,3.23,0.0
2025-01-31 20:00:00,-0.7,-1.6,0.0,2.91,0.0
2025-01-31 21:00:00,-1.1,-2.1,0.0,3.17,0.0
2025-01-31 22:00:00,-1.3,-2.4,0.0,3.22,0.0
2025-01-31 23:00:00,-1.5,-2.7,0.0,3.25,0.0
2025-02-01 00:00:00,-1.7,-2.9,0.0,3.53,0.0
2025-02-01 01:00:00,-1.3,-2.6,0.0,3.39,0.0
2025-02-01 02:00:00,-1.5,-2.9,0.0,3.35,0.0
2025-02-01 03:00:00,-0.8,-2.6,0.0,3.36,0.0
2025-02-01 04:00:00,-0.1,-2.1,0.0,3.28,0.0
2025-02-01 05:00:00,-1.2,-2.9,0.0,3.23,0.0
2025-02-01 06:00:00,-1.2,-3.0,0.0,3.21,0.0
2025-02-01 07:00:00,0.0,-2.5,0.0,2.92,0.0
2025-02-01 08:00:00,1.2,-2.3,0.0,3.0,3028.97
2025-02-01 09:00:00,2.3,-1.8,0.0,2.87,3600.0
2025-02-01 10:00:00,3.4,-1.7,0.0,4.01,3600.0
2025-02-01 11:00:00,3.8,-1.8,0.1,3.77,3600.0
2025-02-01 12:00:00,4.0,-2.1,0.1,3.44,3600.0
2025-02-01 13:00:00,3.8,-2.1,0.0,2.91,2049.83
2025-02-01 14:00:00,3.5,-1.9,0.0,2.33,3600.0
2025-02-01 15:00:00,2.7,-1.1,0.0,1.9,0.0
2025-02-01 16:00:00,1.8,-1.0,0.0,2.23,0.0
2025-02-01 17:00:00,1.2,-1.0,0.0,2.21,0.0
2025-02-01 18:00:00,0.9,-0.9,0.0,2.03,0.0
2025-02-01 19:00:00,0.8,-0.8,0.0,1.9,0.0
2025-02-01 20:00:00,0.1,-1.0,0.0,1.66,0.0
2025-02-01 21:00:00,-0.8,-1.6,0.0,1.3,0.0
2025-02-01 22:00:00,-1.3,-2.0,0.0,1.01,0.0
2025-02-01 23:00:00,-1.2,-2.0,0.0,0.96,0.0
2025-02-02 00:00:00,-1.3,-2.0,0.0,1.52,0.0
2025-02-02 01:00:00,0.0,-0.8,0.0,0.81,0.0
2025-02-02 02:00:00,0.2,-0.7,0.0,0.81,0.0
2025-02-02 03:00:00,0.3,-0.6,0.0,0.7,0.0
2025-02-02 04:00:00,-0.3,-0.9,0.0,0.6,0.0
2025-02-02 05:00:00,-0.4,-1.0,0.0,0.78,0.0
2025-02-02 06:00:00,-1.1,-1.7,0.0,0.6,0.0
2025-02-02 07:00:00,-0.5,-1.2,0.0,1.03,379.87
2025-02-02 08:00:00,0.5,-1.1,0.0,0.25,917.41
2025-02-02 09:00:00,1.6,-1.7,0.0,0.67,3531.15
2025-02-02 10:00:00,2.3,-2.6,0.0,0.95,3600.0
2025-02-02 11:00:00,2.5,-3.9,0.0,1.52,973.33
2025-02-02 12:00:00,2.4,-3.9,0.0,1.8,0.0
2025-02-02 13:00:00,2.3,-3.1,0.0,1.9,0.0
2025-02-02 14:00:00,2.1,-3.3,0.1,2.06,0.0
2025-02-02 15:00:00,1.8,-3.0,0.0,1.61,0.0
2025-02-02 16:00:00,1.4,-3.1,0.0,1.6,0.0
2025-02-02 17:00:00,0.5,-3.2,0.0,2.03,0.0
2025-02-02 18:00:00,-0.2,-3.3,0.0,2.38,0.0
2025-02-02 19:00:00,0.3,-3.0,0.0,2.25,0.0
2025-02-02 20:00:00,0.4,-2.6,0.0,1.9,0.0
2025-02-02 21:00:00,0.5,-2.4,0.0,2.06,0.0
2025-02-02 22:00:00,-0.9,-2.9,0.0,1.05,0.0
2025-02-02 23:00:00,-0.9,-2.7,0.0,1.97,0.0
2025-02-03 00:00:00,-0.5,-2.5,0.0,1.97,0.0
2025-02-03 01:00:00,0.0,-2.3,0.0,1.92,0.0
2025-02-03 02:00:00,-0.3,-2.4,0.0,1.9,0.0
2025-02-03 03:00:00,-0.2,-2.2,0.1,1.73,0.0
2025-02-03 04:00:00,0.2,-2.1,0.2,1.64,0.0
2025-02-03 05:00:00,-0.1,-2.4,0.1,2.06,0.0
2025-02-03 06:00:00,-1.1,-3.0,0.1,1.93,0.0
2025-02-03 07:00:00,0.0,-2.4,0.0,1.8,0.0
2025-02-03 08:00:00,0.8,-2.1,0.0,1.86,2794.22
2025-02-03 09:00:00,1.9,-2.3,0.0,2.62,3600.0
2025-02-03 10:00:00,3.0,-3.8,0.0,2.86,3600.0
2025-02-03 11:00:00,3.3,-4.8,0.0,3.02,3600.0
2025-02-03 12:00:00,3.4,-4.4,0.0,2.75,3600.0
2025-02-03 13:00:00,2.8,-3.9,0.0,2.58,0.0
2025-02-03 14:00:00,2.5,-3.9,0.0,2.61,0.0
2025-02-03 15:00:00,2.1,-3.4,0.0,2.07,0.0
2025-02-03 16:00:00,1.4,-2.9,0.0,1.81,0.0
2025-02-03 17:00:00,0.7,-2.6,0.0,1.28,0.0
2025-02-03 18:00:00,0.3,-2.5,0.0,0.98,0.0
2025-02-03 19:00:00,-0.5,-2.9,0.0,0.67,0.0
2025-02-03 20:00:00,-1.5,-3.3,0.0,1.21,0.0
2025-02-03 21:00:00,-1.5,-3.1,0.0,1.22,0.0
2025-02-03 22:00:00,-0.9,-2.5,0.0,1.25,0.0
2025-02-03 23:00:00,-0.6,-2.3,0.0,1.03,0.0
2025-02-04 00:00:00,-0.6,-2.2,0.0,1.39,0.0
2025-02-04 01:00:00,-1.1,-3.4,0.0,2.33,0.0
2025-02-04 02:00:00,-0.9,-4.2,0.0,2.02,0.0
2025-02-04 03:00:00,-0.9,-4.5,0.0,1.88,0.0
2025-02-04 04:00:00,-0.8,-4.3,0.0,1.52,0.0
2025-02-04 05:00:00,-1.1,-3.7,0.0,1.17,0.0
2025-02-04 06:00:00,-1.8,-3.8,0.0,1.27,0.0
2025-02-04 07:00:00,-1.6,-4.0,0.0,1.94,2311.37
2025-02-04 08:00:00,0.2,-4.4,0.0,1.89,3600.0
2025-02-04 09:00:00,1.9,-5.0,0.0,2.04,3600.0
2025-02-04 10:00:00,3.2,-5.5,0.0,2.15,3600.0
2025-02-04 11:00:00,4.1,-5.6,0.0,1.72,3600.0
2025-02-04 12:00:00,4.5,-5.7,0.0,1.2,3600.0
2025-02-04 13:00:00,4.7,-6.1,0.0,0.49,3600.0
2025-02-04 14:00:00,4.4,-5.2,0.0,0.55,3600.0
2025-02-04 15:00:00,2.2,-4.7,0.0,1.42,3600.0
2025-02-04 16:00:00,0.2,-4.9,0.0,1.63,1412.23
2025-02-04 17:00:00,-0.2,-4.6,0.0,2.17,0.0
2025-02-04 18:00:00,-0.9,-4.3,0.0,1.8,0.0
2025-02-04 19:00:00,-1.5,-4.3,0.0,1.42,0.0
2025-02-04 20:00:00,-1.6,-4.3,0.0,1.52,0.0
2025-02-04 21:00:00,-2.0,-4.8,0.0,0.38,0.0
2025-02-04 22:00:00,-1.7,-4.5,0.0,0.21,0.0
2025-02-04 23:00:00,-1.3,-4.3,0.0,0.54,0.0
2025-02-05 00:00:00,-0.8,-4.5,0.0,1.06,0.0
2025-02-05 01:00:00,-1.4,-3.6,0.0,2.05,0.0
2025-02-05 02:00:00,-1.6,-4.2,0.0,1.66,0.0
2025-02-05 03:00:00,-1.6,-4.7,0.0,1.97,0.0
2025-02-05 04:00:00,-1.7,-5.4,0.0,2.31,0.0
2025-02-05 05:00:00,-1.7,-5.8,0.0,2.53,0.0
2025-02-05 06:00:00,-1.6,-6.1,0.0,2.99,0.0
2025-02-05 07:00:00,-0.8,-6.3,0.0,3.49,2249.72
2025-02-05 08:00:00,0.7,-6.3,0.0,2.97,3600.0
2025-02-05 09:00:00,2.4,-5.9,0.0,3.02,3600.0
2025-02-05 10:00:00,4.1,-5.3,0.0,2.85,3600.0
2025-02-05 11:00:00,5.6,-4.9,0.0,2.7,3600.0
2025-02-05 12:00:00,6.3,-4.6,0.0,2.42,3600.0
2025-02-05 13:00:00,6.5,-5.9,0.0,2.62,3600.0
2025-02-05 14:00:00,5.8,-4.4,0.0,1.7,3600.0
2025-02-05 15:00:00,3.5,-4.2,0.0,1.82,3600.0
2025-02-05 16:00:00,1.5,-4.7,0.0,2.68,1350.78
2025-02-05 17:00:00,0.4,-4.8,0.0,2.83,0.0
2025-02-05 18:00:00,-0.3,-4.9,0.0,2.89,0.0
2025-02-05 19:00:00,-0.6,-5.0,0.0,3.0,0.0
2025-02-05 20:00:00,-1.2,-4.9,0.0,2.61,0.0
2025-02-05 21:00:00,-1.6,-4.5,0.0,2.6,0.0
2025-02-05 22:00:00,-0.9,-3.8,0.0,2.4,0.0
2025-02-05 23:00:00,-0.3,-3.1,0.0,2.26,0.0
2025-02-06 00:00:00,0.3,-2.5,0.0,2.32,0.0
2025-02-06 01:00:00,0.9,-1.0,0.0,2.03,0.0
2025-02-06 02:00:00,1.0,-0.6,0.0,1.92,0.0
2025-02-06 03:00:00,1.0,-0.3,0.1,1.96,0.0
2025-02-06 04:00:00,1.1,0.1,0.1,1.95,0.0
2025-02-06 05:00:00,1.1,0.2,0.1,1.78,0.0
2025-02-06 06:00:00,1.2,0.3,0.1,1.77,0.0
2025-02-06 07:00:00,1.4,0.3,0.0,1.88,0.0
2025-02-06 08:00:00,1.9,0.1,0.0,1.72,0.0
2025-02-06 09:00:00,2.7,-0.2,0.0,1.73,649.85
2025-02-06 10:00:00,3.5,-0.4,0.0,1.46,868.99
2025-02-06 11:00:00,3.6,-1.1,0.0,2.02,0.0
2025-02-06 12:00:00,3.7,-0.8,0.0,1.86,0.0
2025-02-06 13:00:00,3.2,-0.3,0.0,1.66,0.0
2025-02-06 14:00:00,2.9,0.2,0.0,1.23,0.0
2025-02-06 15:00:00,2.3,0.4,0.0,1.1,0.0
2025-02-06 16:00:00,1.8,0.3,0.0,1.6,0.0
2025-02-06 17:00:00,1.6,0.2,0.0,1.95,0.0
2025-02-06 18:00:00,1.5,0.2,0.0,2.06,0.0
2025-02-06 19:00:00,1.4,0.2,0.0,2.27,0.0
2025-02-06 20:00:00,1.1,0.3,0.1,2.33,0.0
2025-02-06 21:00:00,0.9,0.3,0.0,1.95,0.0
2025-02-06 22:00:00,0.8,0.3,0.0,1.83,0.0
2025-02-06 23:00:00,0.7,0.2,0.0,1.9,0.0
2025-02-07 00:00:00,0.6,0.1,0.0,2.22,0.0
2025-02-07 01:00:00,0.7,0.4,0.0,2.06,0.0
2025-02-07 02:00:00,0.4,0.1,0.0,2.72,0.0
2025-02-07 03:00:00,0.2,-0.3,0.0,2.35,0.0
2025-02-07 04:00:00,0.1,-0.3,0.0,2.34,0.0
2025-02-07 05:00:00,-0.1,-0.5,0.0,3.02,0.0
2025-02-07 06:00:00,-0.1,-0.8,0.0,3.4,0.0
2025-02-07 07:00:00,-0.1,-1.2,0.0,3.6,0.0
2025-02-07 08:00:00,-0.3,-2.4,0.0,4.22,2041.31
2025-02-07 09:00:00,-0.2,-3.8,0.0,4.05,3600.0
2025-02-07 10:00:00,0.4,-4.6,0.0,4.41,3600.0
2025-02-07 11:00:00,1.1,-5.0,0.0,4.05,3600.0
2025-02-07 12:00:00,1.9,-4.7,0.0,4.14,3600.0
2025-02-07 13:00:00,2.4,-3.6,0.0,3.9,0.0
2025-02-07 14:00:00,2.9,-3.5,0.0,3.73,0.0
2025-02-07 15:00:00,2.9,-3.5,0.0,4.54,0.0
2025-02-07 16:00:00,2.3,-3.9,0.0,4.39,0.0
2025-02-07 17:00:00,1.6,-4.3,0.0,4.81,0.0
2025-02-07 18:00:00,0.8,-5.1,0.0,4.67,0.0
2025-02-07 19:00:00,0.2,-5.7,0.0,4.63,0.0
2025-02-07 20:00:00,-0.4,-5.8,0.0,4.54,0.0
2025-02-07 21:00:00,-1.0,-5.9,0.0,4.31,0.0
2025-02-07 22:00:00,-1.3,-5.9,0.0,4.16,0.0
2025-02-07 23:00:00,-1.5,-5.8,0.0,4.06,0.0
2025-02-08 00:00:00,-1.6,-5.8,0.0,4.13,0.0
2025-02-08 01:00:00,-1.4,-4.9,0.0,3.64,0.0
2025-02-08 02:00:00,-1.2,-4.7,0.0,3.56,0.0
2025-02-08 03:00:00,-1.1,-4.7,0.0,3.53,0.0
2025-02-08 04:00:00,-0.7,-4.9,0.0,3.38,0.0
2025-02-08 05:00:00,-0.4,-5.2,0.0,3.28,0.0
2025-02-08 06:00:00,-0.2,-5.9,0.0,3.4,0.0
2025-02-08 07:00:00,0.2,-6.3,0.0,3.5,0.0
2025-02-08 08:00:00,1.2,-5.9,0.0,3.15,3042.28
2025-02-08 09:00:00,2.2,-5.7,0.0,3.13,3600.0
2025-02-08 10:00:00,3.2,-5.2,0.0,2.76,3600.0
2025-02-08 11:00:00,4.1,-4.8,0.0,2.93,3600.0
2025-02-08 12:00:00,4.9,-4.5,0.0,3.3,3600.0
2025-02-08 13:00:00,5.0,-6.1,0.0,3.9,2911.31
2025-02-08 14:00:00,4.7,-5.8,0.0,3.78,3600.0
2025-02-08 15:00:00,3.5,-6.1,0.0,3.93,3366.72
2025-02-08 16:00:00,2.0,-6.7,0.0,4.14,1962.59
2025-02-08 17:00:00,1.1,-7.0,0.0,3.94,0.0
2025-02-08 18:00:00,0.1,-7.3,0.0,3.82,0.0
2025-02-08 19:00:00,-0.7,-7.4,0.0,3.67,0.0
2025-02-08 20:00:00,-1.3,-7.3,0.0,3.59,0.0
2025-02-08 21:00:00,-1.8,-7.2,0.0,3.3,0.0
2025-02-08 22:00:00,-2.3,-7.3,0.0,2.88,0.0
2025-02-08 23:00:00,-2.6,-7.5,0.0,2.87,0.0
2025-02-09 00:00:00,-2.8,-7.9,0.0,2.87,0.0
2025-02-09 01:00:00,-3.1,-6.3,0.0,2.09,0.0
2025-02-09 02:00:00,-3.3,-6.6,0.0,2.45,0.0
2025-02-09 03:00:00,-3.5,-6.9,0.0,2.42,0.0
2025-02-09 04:00:00,-3.7,-7.1,0.0,2.46,0.0
2025-02-09 05:00:00,-3.8,-7.2,0.0,2.37,0.0
2025-02-09 06:00:00,-3.9,-7.4,0.0,2.27,0.0
2025-02-09 07:00:00,-3.3,-7.7,0.0,2.16,3209.11
2025-02-09 08:00:00,-1.5,-7.9,0.0,1.78,3600.0
2025-02-09 09:00:00,0.7,-8.1,0.0,1.69,3600.0
2025-02-09 10:00:00,3.0,-8.2,0.0,1.65,3600.0
2025-02-09 11:00:00,4.9,-7.5,0.0,1.77,3600.0
2025-02-09 12:00:00,5.9,-6.6,0.0,1.95,3600.0
2025-02-09 13:00:00,5.4,-7.8,0.0,2.42,3600.0
2025-02-09 14:00:00,5.7,-8.6,0.0,2.15,3600.0
2025-02-09 15:00:00,4.1,-8.6,0.0,1.79,3600.0
2025-02-09 16:00:00,2.3,-7.6,0.0,3.58,2549.82
2025-02-09 17:00:00,0.4,-6.6,0.0,3.59,0.0
2025-02-09 18:00:00,-0.8,-6.8,0.0,3.06,0.0
2025-02-09 19:00:00,-1.5,-7.1,0.0,2.65,0.0
2025-02-09 20:00:00,-2.0,-7.5,0.0,2.29,0.0
2025-02-09 21:00:00,-2.4,-7.8,0.0,2.33,0.0
2025-02-09 22:00:00,-2.9,-8.1,0.0,2.21,0.0
2025-02-09 23:00:00,-3.4,-8.3,0.0,2.01,0.0
2025-02-10 00:00:00,-3.8,-8.4,0.0,2.05,0.0
2025-02-10 01:00:00,-4.1,-7.5,0.0,2.09,0.0
2025-02-10 02:00:00,-4.6,-7.7,0.0,2.0,0.0
2025-02-10 03:00:00,-5.0,-7.8,0.0,2.1,0.0
2025-02-10 04:00:00,-5.3,-7.9,0.0,2.09,0.0
2025-02-10 05:00:00,-5.5,-8.1,0.0,2.06,0.0
2025-02-10 06:00:00,-5.9,-8.4,0.0,2.26,0.0
2025-02-10 07:00:00,-5.6,-8.9,0.0,2.48,3312.71
2025-02-10 08:00:00,-4.5,-9.2,0.0,2.53,3600.0
2025-02-10 09:00:00,-3.0,-9.3,0.0,2.42,3600.0
2025-02-10 10:00:00,-1.3,-9.3,0.0,2.35,3600.0
2025-02-10 11:00:00,0.3,-9.2,0.0,2.55,3600.0
2025-02-10 12:00:00,1.5,-9.1,0.0,3.0,3600.0
2025-02-10 13:00:00,1.6,-7.3,0.0,3.38,3600.0
2025-02-10 14:00:00,1.3,-7.5,0.0,3.58,3600.0
2025-02-10 15:00:00,0.5,-7.8,0.0,3.4,3600.0
2025-02-10 16:00:00,-1.1,-8.7,0.0,3.33,2655.78
2025-02-10 17:00:00,-1.8,-9.6,0.0,3.35,0.0
2025-02-10 18:00:00,-2.1,-9.9,0.0,3.34,0.0
2025-02-10 19:00:00,-2.4,-9.8,0.0,3.24,0.0
2025-02-10 20:00:00,-3.0,-9.7,0.0,3.28,0.0
2025-02-10 21:00:00,-3.4,-9.7,0.0,3.48,0.0
2025-02-10 22:00:00,-3.8,-9.5,0.0,3.51,0.0
2025-02-10 23:00:00,-4.2,-9.2,0.0,3.35,0.0
2025-02-11 00:00:00,-4.6,-8.9,0.0,3.25,0.0
2025-02-11 01:00:00,-4.6,-9.0,0.0,3.22,0.0
2025-02-11 02:00:00,-5.0,-9.1,0.0,3.29,0.0
2025-02-11 03:00:00,-5.3,-9.2,0.0,3.24,0.0
2025-02-11 04:00:00,-5.7,-9.2,0.0,3.2,0.0
2025-02-11 05:00:00,-6.0,-9.1,0.0,3.24,0.0
2025-02-11 06:00:00,-6.3,-9.1,0.0,3.2,0.0
2025-02-11 07:00:00,-5.8,-9.2,0.0,3.05,3417.39
2025-02-11 08:00:00,-4.6,-9.4,0.0,3.19,3600.0
2025-02-11 09:00:00,-3.0,-9.7,0.0,3.3,3600.0
2025-02-11 10:00:00,-1.4,-10.0,0.0,3.37,3600.0
2025-02-11 11:00:00,0.1,-10.4,0.0,3.3,3600.0
2025-02-11 12:00:00,1.2,-10.7,0.0,3.34,3600.0
2025-02-11 13:00:00,0.4,-8.3,0.0,4.06,3600.0
2025-02-11 14:00:00,0.1,-8.4,0.0,4.34,3600.0
2025-02-11 15:00:00,-1.0,-8.6,0.0,4.35,3600.0
2025-02-11 16:00:00,-2.8,-8.8,0.0,4.52,2761.42
2025-02-11 17:00:00,-3.7,-9.0,0.0,4.29,0.0
2025-02-11 18:00:00,-4.2,-9.1,0.0,4.06,0.0
2025-02-11 19:00:00,-4.5,-9.2,0.0,3.51,0.0
2025-02-11 20:00:00,-4.8,-9.3,0.0,3.4,0.0
2025-02-11 21:00:00,-5.1,-9.4,0.0,3.29,0.0
2025-02-11 22:00:00,-5.4,-9.4,0.0,2.97,0.0
2025-02-11 23:00:00,-5.7,-9.4,0.0,2.69,0.0
2025-02-12 00:00:00,-5.8,-9.4,0.0,2.7,0.0
2025-02-12 01:00:00,-6.7,-9.1,0.0,2.15,0.0
2025-02-12 02:00:00,-6.9,-9.2,0.0,1.91,0.0
2025-02-12 03:00:00,-6.9,-9.3,0.0,1.98,0.0
2025-02-12 04:00:00,-7.0,-9.4,0.0,1.87,0.0
2025-02-12 05:00:00,-6.9,-9.4,0.0,1.74,0.0
2025-02-12 06:00:00,-6.8,-9.5,0.0,1.71,0.0
2025-02-12 07:00:00,-5.6,-9.5,0.0,1.98,3523.02
2025-02-12 08:00:00,-3.4,-9.8,0.0,1.4,3600.0
2025-02-12 09:00:00,-0.8,-9.9,0.0,1.05,3600.0
2025-02-12 10:00:00,1.6,-10.3,0.0,0.97,3600.0
2025-02-12 11:00:00,3.6,-10.9,0.0,1.4,3600.0
2025-02-12 12:00:00,5.0,-10.1,0.0,1.48,3600.0
2025-02-12 13:00:00,4.8,-10.2,0.0,1.71,3600.0
2025-02-12 14:00:00,5.1,-10.3,0.0,1.45,3600.0
2025-02-12 15:00:00,3.6,-10.3,0.0,1.4,2836.27
2025-02-12 16:00:00,2.0,-10.8,0.0,1.3,0.0
2025-02-12 17:00:00,1.3,-11.6,0.0,1.25,0.0
2025-02-12 18:00:00,0.5,-12.1,0.0,1.03,0.0
2025-02-12 19:00:00,0.3,-12.3,0.0,1.63,0.0
2025-02-12 20:00:00,-0.4,-12.3,0.0,1.82,0.0
2025-02-12 21:00:00,-0.7,-12.3,0.0,1.87,0.0
2025-02-12 22:00:00,-0.7,-12.2,0.0,2.04,0.0
2025-02-12 23:00:00,-0.8,-12.0,0.0,1.97,0.0
2025-02-13 00:00:00,-0.9,-11.8,0.0,2.07,0.0
2025-02-13 01:00:00,-1.6,-8.9,0.0,1.73,0.0
2025-02-13 02:00:00,-1.6,-9.1,0.0,1.1,0.0
2025-02-13 03:00:00,-2.0,-9.1,0.0,1.1,0.0
2025-02-13 04:00:00,-2.0,-9.3,0.0,1.27,0.0
2025-02-13 05:00:00,-2.2,-9.3,0.0,1.0,0.0
2025-02-13 06:00:00,-1.8,-9.4,0.0,1.5,0.0
2025-02-13 07:00:00,-1.3,-9.4,0.0,1.48,0.0
2025-02-13 08:00:00,-0.4,-9.5,0.0,1.21,0.0
2025-02-13 09:00:00,0.6,-9.5,0.0,1.12,0.0
2025-02-13 10:00:00,1.3,-9.5,0.0,1.15,0.0
2025-02-13 11:00:00,2.6,-9.2,0.0,0.92,0.0
2025-02-13 12:00:00,3.4,-8.6,0.0,1.35,0.0
2025-02-13 13:00:00,2.8,-5.4,0.0,1.03,0.0
2025-02-13 14:00:00,2.3,-5.2,0.0,1.32,0.0
2025-02-13 15:00:00,1.9,-5.3,0.0,1.24,0.0
2025-02-13 16:00:00,1.4,-5.4,0.0,1.45,0.0
2025-02-13 17:00:00,1.4,-5.2,0.0,1.7,0.0
2025-02-13 18:00:00,0.8,-5.0,0.0,1.27,0.0
2025-02-13 19:00:00,-0.1,-4.7,0.0,0.87,0.0
2025-02-13 20:00:00,0.5,-4.4,0.0,0.57,0.0
2025-02-13 21:00:00,0.5,-3.9,0.0,1.57,0.0
2025-02-13 22:00:00,0.6,-3.2,0.0,2.0,0.0
2025-02-13 23:00:00,0.9,-1.6,0.2,2.49,0.0
2025-02-14 00:00:00,0.7,-0.4,0.2,3.13,0.0
2025-02-14 01:00:00,0.9,-0.2,0.4,4.04,0.0
2025-02-14 02:00:00,0.7,-0.6,0.1,3.96,0.0
2025-02-14 03:00:00,0.4,-0.7,0.0,3.26,0.0
2025-02-14 04:00:00,0.4,-0.5,0.0,3.1,0.0
2025-02-14 05:00:00,0.3,-0.5,0.1,3.1,0.0
2025-02-14 06:00:00,0.2,-0.8,0.2,3.13,0.0
2025-02-14 07:00:00,0.2,-1.1,0.1,3.53,0.0
2025-02-14 08:00:00,0.1,-1.4,0.0,3.6,0.0
2025-02-14 09:00:00,0.2,-1.5,0.0,3.41,0.0
2025-02-14 10:00:00,0.4,-1.6,0.0,3.55,0.0
2025-02-14 11:00:00,0.8,-1.8,0.0,3.67,0.0
2025-02-14 12:00:00,1.2,-1.9,0.0,3.56,0.0
2025-02-14 13:00:00,0.9,-2.3,0.0,3.54,0.0
2025-02-14 14:00:00,0.5,-2.9,0.1,3.42,0.0
2025-02-14 15:00:00,-0.1,-3.6,0.0,2.91,0.0
2025-02-14 16:00:00,-0.5,-4.2,0.0,2.93,0.0
2025-02-14 17:00:00,-0.9,-4.9,0.0,3.21,0.0
2025-02-14 18:00:00,-1.6,-6.5,0.0,4.37,0.0
2025-02-14 19:00:00,-2.8,-8.0,0.0,2.4,0.0
2025-02-14 20:00:00,-3.9,-8.3,0.0,1.52,0.0
2025-02-14 21:00:00,-4.0,-8.3,0.0,1.91,0.0
2025-02-14 22:00:00,-4.2,-8.4,0.0,1.93,0.0
2025-02-14 23:00:00,-4.5,-8.5,0.0,1.46,0.0
2025-02-15 00:00:00,-5.0,-8.8,0.0,1.44,0.0
2025-02-15 01:00:00,-6.5,-8.8,0.0,1.48,0.0
2025-02-15 02:00:00,-6.6,-8.9,0.0,1.55,0.0
2025-02-15 03:00:00,-5.8,-8.4,0.0,1.52,0.0
2025-02-15 04:00:00,-5.4,-8.0,0.0,1.39,0.0
2025-02-15 05:00:00,-6.3,-8.5,0.0,1.44,0.0
2025-02-15 06:00:00,-7.0,-8.8,0.0,0.98,0.0
2025-02-15 07:00:00,-5.8,-8.0,0.0,0.85,3600.0
2025-02-15 08:00:00,-3.6,-6.8,0.0,1.11,3600.0
2025-02-15 09:00:00,-2.4,-6.8,0.0,1.29,3600.0
2025-02-15 10:00:00,-1.6,-7.5,0.0,1.27,3600.0
2025-02-15 11:00:00,-0.9,-8.7,0.0,1.41,3600.0
2025-02-15 12:00:00,-0.8,-9.3,0.0,1.66,3600.0
2025-02-15 13:00:00,-1.2,-8.8,0.0,1.57,0.0
2025-02-15 14:00:00,-1.4,-9.0,0.0,1.7,0.0
2025-02-15 15:00:00,-1.6,-8.3,0.0,1.35,0.0
2025-02-15 16:00:00,-2.1,-8.0,0.0,1.41,0.0
2025-02-15 17:00:00,-2.4,-7.6,0.0,1.51,0.0
2025-02-15 18:00:00,-2.7,-7.3,0.0,1.25,0.0
2025-02-15 19:00:00,-2.8,-7.3,0.0,1.5,0.0
2025-02-15 20:00:00,-3.3,-7.5,0.0,1.5,0.0
2025-02-15 21:00:00,-4.8,-8.8,0.0,1.53,0.0
2025-02-15 22:00:00,-6.5,-10.0,0.0,1.53,0.0
2025-02-15 23:00:00,-7.6,-10.9,0.0,1.35,0.0
2025-02-16 00:00:00,-8.0,-11.1,0.0,1.25,0.0
2025-02-16 01:00:00,-5.2,-9.5,0.0,1.32,0.0
2025-02-16 02:00:00,-5.8,-9.4,0.0,1.41,0.0
2025-02-16 03:00:00,-6.3,-9.6,0.0,1.3,0.0
2025-02-16 04:00:00,-6.8,-9.8,0.0,1.15,0.0
2025-02-16 05:00:00,-7.1,-10.1,0.0,1.55,0.0
2025-02-16 06:00:00,-7.4,-10.4,0.0,1.5,0.0
2025-02-16 07:00:00,-6.2,-10.4,0.0,1.71,3600.0
2025-02-16 08:00:00,-3.9,-10.3,0.0,1.05,3600.0
2025-02-16 09:00:00,-2.2,-9.8,0.0,1.27,3600.0
2025-02-16 10:00:00,-1.3,-9.0,0.0,1.8,3600.0
2025-02-16 11:00:00,-0.9,-8.9,0.3,2.04,3600.0
2025-02-16 12:00:00,-1.5,-7.8,0.1,1.75,3600.0
2025-02-16 13:00:00,-0.9,-9.4,0.1,1.6,2368.41
2025-02-16 14:00:00,-0.9,-9.7,0.0,1.9,3600.0
2025-02-16 15:00:00,-1.3,-10.1,0.0,1.56,3600.0
2025-02-16 16:00:00,-3.0,-10.2,0.0,0.46,3282.03
2025-02-16 17:00:00,-3.5,-10.5,0.0,1.05,0.0
2025-02-16 18:00:00,-3.3,-10.5,0.0,2.11,0.0
2025-02-16 19:00:00,-3.9,-9.2,0.0,2.03,0.0
2025-02-16 20:00:00,-4.3,-9.1,0.0,2.18,0.0
2025-02-16 21:00:00,-4.9,-9.5,0.0,2.21,0.0
2025-02-16 22:00:00,-5.7,-9.8,0.0,1.52,0.0
2025-02-16 23:00:00,-6.5,-10.0,0.0,1.03,0.0
2025-02-17 00:00:00,-7.4,-10.3,0.0,1.32,0.0
2025-02-17 01:00:00,-8.1,-10.9,0.0,1.54,0.0
2025-02-17 02:00:00,-8.4,-11.1,0.0,1.3,0.0
2025-02-17 03:00:00,-9.0,-11.4,0.0,1.3,0.0
2025-02-17 04:00:00,-9.2,-11.6,0.0,1.36,0.0
2025-02-17 05:00:00,-9.4,-11.7,0.0,1.17,0.0
2025-02-17 06:00:00,-9.5,-11.7,0.0,0.96,0.0
2025-02-17 07:00:00,-8.2,-11.6,0.0,0.96,3600.0
2025-02-17 08:00:00,-6.3,-11.2,0.0,0.67,3600.0
2025-02-17 09:00:00,-4.2,-10.0,0.0,0.97,3600.0
2025-02-17 10:00:00,-2.8,-12.2,0.0,0.97,3600.0
2025-02-17 11:00:00,-1.9,-14.4,0.0,0.84,3600.0
2025-02-17 12:00:00,-1.3,-16.7,0.0,0.65,3600.0
2025-02-17 13:00:00,-1.5,-14.3,0.0,0.78,3600.0
2025-02-17 14:00:00,-1.5,-15.2,0.0,0.67,3600.0
2025-02-17 15:00:00,-1.9,-15.4,0.0,0.67,3600.0
2025-02-17 16:00:00,-3.6,-14.8,0.0,0.32,3385.13
2025-02-17 17:00:00,-4.1,-14.7,0.0,1.2,0.0
2025-02-17 18:00:00,-4.3,-14.3,0.0,1.86,0.0
2025-02-17 19:00:00,-5.1,-14.2,0.0,1.49,0.0
2025-02-17 20:00:00,-6.2,-14.0,0.0,0.68,0.0
2025-02-17 21:00:00,-6.7,-14.0,0.0,0.14,0.0
2025-02-17 22:00:00,-7.2,-14.2,0.0,0.98,0.0
2025-02-17 23:00:00,-7.4,-14.1,0.0,1.01,0.0
2025-02-18 00:00:00,-7.3,-14.2,0.0,1.56,0.0
2025-02-18 01:00:00,-9.6,-13.6,0.0,1.11,0.0
2025-02-18 02:00:00,-9.6,-13.9,0.0,1.03,0.0
2025-02-18 03:00:00,-9.7,-14.0,0.0,1.05,0.0
2025-02-18 04:00:00,-10.0,-14.0,0.0,0.9,0.0
2025-02-18 05:00:00,-9.9,-14.1,0.0,1.25,0.0
2025-02-18 06:00:00,-9.5,-14.0,0.0,1.4,0.0
2025-02-18 07:00:00,-7.7,-14.0,0.0,1.66,3600.0
2025-02-18 08:00:00,-5.0,-13.7,0.0,1.31,3600.0
2025-02-18 09:00:00,-3.0,-13.3,0.0,1.31,3600.0
2025-02-18 10:00:00,-1.7,-13.5,0.0,1.6,3600.0
2025-02-18 11:00:00,-0.9,-15.0,0.0,1.68,3600.0
2025-02-18 12:00:00,-0.5,-16.2,0.0,1.91,3600.0
2025-02-18 13:00:00,-1.0,-12.8,0.0,2.24,1266.87
2025-02-18 14:00:00,-1.1,-12.4,0.0,2.4,2674.11
2025-02-18 15:00:00,-1.3,-12.1,0.0,2.67,2353.56
2025-02-18 16:00:00,-2.0,-11.2,0.0,2.19,954.91
2025-02-18 17:00:00,-2.5,-10.5,0.0,2.41,0.0
2025-02-18 18:00:00,-3.0,-10.0,0.0,2.89,0.0
2025-02-18 19:00:00,-3.7,-9.9,0.0,2.88,0.0
2025-02-18 20:00:00,-3.7,-9.7,0.0,2.71,0.0
2025-02-18 21:00:00,-3.6,-9.6,0.0,2.42,0.0
2025-02-18 22:00:00,-3.5,-9.5,0.0,2.76,0.0
2025-02-18 23:00:00,-3.7,-9.5,0.0,2.69,0.0
2025-02-19 00:00:00,-3.7,-9.6,0.0,2.47,0.0
2025-02-19 01:00:00,-3.3,-8.7,0.0,2.45,0.0
2025-02-19 02:00:00,-3.4,-8.4,0.0,2.57,0.0
2025-02-19 03:00:00,-3.8,-8.4,0.0,2.93,0.0
2025-02-19 04:00:00,-4.5,-8.8,0.0,3.11,0.0
2025-02-19 05:00:00,-4.7,-9.2,0.0,2.85,0.0
2025-02-19 06:00:00,-4.7,-9.2,0.0,2.92,0.0
2025-02-19 07:00:00,-4.2,-9.4,0.0,3.23,3600.0
2025-02-19 08:00:00,-2.9,-9.5,0.0,3.04,3600.0
2025-02-19 09:00:00,-1.4,-9.4,0.0,3.21,3600.0
2025-02-19 10:00:00,-0.3,-9.3,0.0,3.06,3600.0
2025-02-19 11:00:00,0.7,-9.5,0.0,2.52,3600.0
2025-02-19 12:00:00,1.6,-9.9,0.0,2.12,3600.0
2025-02-19 13:00:00,1.6,-9.3,0.0,2.01,3600.0
2025-02-19 14:00:00,1.5,-9.4,0.0,1.87,3600.0
2025-02-19 15:00:00,1.1,-9.6,0.0,1.23,3600.0
2025-02-19 16:00:00,-0.8,-9.5,0.0,0.32,3591.64
2025-02-19 17:00:00,-1.8,-9.3,0.0,0.62,0.0
2025-02-19 18:00:00,-2.6,-8.9,0.0,0.4,0.0
2025-02-19 19:00:00,-3.4,-8.8,0.0,0.07,0.0
2025-02-19 20:00:00,-4.2,-8.8,0.0,0.27,0.0
2025-02-19 21:00:00,-5.0,-8.9,0.0,0.58,0.0
2025-02-19 22:00:00,-5.5,-9.0,0.0,0.65,0.0
2025-02-19 23:00:00,-5.7,-8.9,0.0,1.27,0.0
2025-02-20 00:00:00,-6.0,-8.7,0.0,1.23,0.0
2025-02-20 01:00:00,-8.3,-10.2,0.0,0.45,0.0
2025-02-20 02:00:00,-8.2,-10.0,0.0,0.63,0.0
2025-02-20 03:00:00,-8.2,-9.8,0.0,0.25,0.0
2025-02-20 04:00:00,-8.0,-9.5,0.0,0.32,0.0
2025-02-20 05:00:00,-8.0,-9.5,0.0,0.25,0.0
2025-02-20 06:00:00,-8.0,-9.4,0.0,0.18,0.0
2025-02-20 07:00:00,-6.4,-8.9,0.0,0.64,3600.0
2025-02-20 08:00:00,-3.7,-9.3,0.0,0.93,3600.0
2025-02-20 09:00:00,-1.2,-10.2,0.0,1.06,3600.0
2025-02-20 10:00:00,0.7,-10.7,0.0,1.32,3600.0
2025-02-20 11:00:00,2.0,-11.5,0.0,1.42,3600.0
2025-02-20 12:00:00,2.7,-11.9,0.0,1.45,3600.0
2025-02-20 13:00:00,2.9,-11.3,0.0,1.6,3600.0
2025-02-20 14:00:00,2.9,-12.0,0.0,1.75,3600.0
2025-02-20 15:00:00,2.3,-12.1,0.0,1.75,3600.0
2025-02-20 16:00:00,0.3,-10.8,0.0,3.19,3600.0
2025-02-20 17:00:00,-1.3,-9.6,0.0,3.88,0.0
2025-02-20 18:00:00,-2.1,-9.9,0.0,3.48,0.0
2025-02-20 19:00:00,-3.0,-10.3,0.0,3.13,0.0
2025-02-20 20:00:00,-3.6,-10.4,0.0,3.05,0.0
2025-02-20 21:00:00,-4.0,-10.5,0.0,3.07,0.0
2025-02-20 22:00:00,-4.4,-10.4,0.0,3.02,0.0
2025-02-20 23:00:00,-4.7,-10.5,0.0,2.78,0.0
2025-02-21 00:00:00,-5.1,-10.5,0.0,2.32,0.0
2025-02-21 01:00:00,-6.2,-10.7,0.0,0.98,0.0
2025-02-21 02:00:00,-6.5,-10.8,0.0,1.15,0.0
2025-02-21 03:00:00,-6.9,-10.8,0.0,1.13,0.0
2025-02-21 04:00:00,-7.3,-10.8,0.0,1.19,0.0
2025-02-21 05:00:00,-7.5,-10.8,0.0,1.1,0.0
2025-02-21 06:00:00,-7.4,-10.7,0.0,1.01,0.0
2025-02-21 07:00:00,-6.1,-10.6,0.0,1.27,3600.0
2025-02-21 08:00:00,-3.3,-10.7,0.0,0.9,3600.0
2025-02-21 09:00:00,-0.4,-11.4,0.0,0.8,3600.0
2025-02-21 10:00:00,2.2,-12.6,0.0,0.98,3600.0
2025-02-21 11:00:00,3.8,-13.6,0.0,1.15,3600.0
2025-02-21 12:00:00,4.7,-13.4,0.0,1.46,3600.0
2025-02-21 13:00:00,4.5,-14.0,0.0,1.36,3600.0
2025-02-21 14:00:00,4.3,-14.3,0.0,1.87,3600.0
2025-02-21 15:00:00,3.2,-13.7,0.0,1.8,3600.0
2025-02-21 16:00:00,1.0,-13.8,0.0,1.49,0.0
2025-02-21 17:00:00,-0.2,-14.1,0.0,1.54,0.0
2025-02-21 18:00:00,-0.2,-13.7,0.0,1.9,0.0
2025-02-21 19:00:00,-1.5,-13.0,0.0,0.18,0.0
2025-02-21 20:00:00,-2.0,-13.2,0.0,1.1,0.0
2025-02-21 21:00:00,-2.3,-12.9,0.0,0.32,0.0
2025-02-21 22:00:00,-2.8,-12.5,0.0,0.11,0.0
2025-02-21 23:00:00,-3.2,-12.5,0.0,0.18,0.0
2025-02-22 00:00:00,-3.8,-13.0,0.0,0.25,0.0
2025-02-22 01:00:00,-3.5,-8.7,0.0,0.38,0.0
2025-02-22 02:00:00,-4.2,-9.2,0.0,0.65,0.0
2025-02-22 03:00:00,-4.5,-9.4,0.0,0.11,0.0
2025-02-22 04:00:00,-5.3,-9.7,0.0,0.67,0.0
2025-02-22 05:00:00,-5.7,-9.9,0.0,0.68,0.0
2025-02-22 06:00:00,-5.4,-10.0,0.0,1.13,0.0
2025-02-22 07:00:00,-4.0,-10.3,0.0,1.17,3600.0
2025-02-22 08:00:00,-1.1,-11.1,0.0,0.71,3600.0
2025-02-22 09:00:00,1.7,-12.1,0.0,0.72,3600.0
2025-02-22 10:00:00,3.9,-12.7,0.0,1.05,3600.0
2025-02-22 11:00:00,5.4,-12.3,0.0,1.4,3600.0
2025-02-22 12:00:00,6.2,-10.6,0.0,1.81,3600.0
2025-02-22 13:00:00,6.9,-10.9,0.0,2.01,3600.0
2025-02-22 14:00:00,6.9,-9.3,0.0,1.76,3600.0
2025-02-22 15:00:00,5.1,-5.6,0.0,1.36,3600.0
2025-02-22 16:00:00,3.1,-8.1,0.0,2.16,3600.0
2025-02-22 17:00:00,1.4,-8.5,0.0,2.69,0.0
2025-02-22 18:00:00,-0.1,-8.3,0.0,2.55,0.0
2025-02-22 19:00:00,-1.0,-8.5,0.0,2.32,0.0
2025-02-22 20:00:00,-1.6,-8.9,0.0,2.15,0.0
2025-02-22 21:00:00,-2.1,-9.6,0.0,1.93,0.0
2025-02-22 22:00:00,-2.8,-10.1,0.0,1.11,0.0
2025-02-22 23:00:00,-3.2,-10.1,0.0,0.39,0.0
2025-02-23 00:00:00,-3.3,-10.1,0.0,0.2,0.0
2025-02-23 01:00:00,-1.9,-7.0,0.0,1.76,0.0
2025-02-23 02:00:00,-1.5,-8.1,0.0,2.39,0.0
2025-02-23 03:00:00,-1.9,-9.0,0.0,2.04,0.0
2025-02-23 04:00:00,-2.6,-9.2,0.0,1.39,0.0
2025-02-23 05:00:00,-3.4,-9.3,0.0,1.17,0.0
2025-02-23 06:00:00,-3.5,-9.3,0.0,1.17,0.0
2025-02-23 07:00:00,-2.0,-9.3,0.0,1.2,3600.0
2025-02-23 08:00:00,0.8,-9.4,0.0,0.47,3600.0
2025-02-23 09:00:00,3.2,-9.6,0.0,0.66,3600.0
2025-02-23 10:00:00,5.3,-9.4,0.0,0.8,3600.0
2025-02-23 11:00:00,6.6,-6.9,0.0,1.57,3600.0
2025-02-23 12:00:00,7.6,-5.8,0.0,1.99,3600.0
2025-02-23 13:00:00,8.0,-7.0,0.0,2.66,3600.0
2025-02-23 14:00:00,7.8,-6.3,0.0,3.55,3600.0
2025-02-23 15:00:00,5.6,-4.1,0.0,3.89,3600.0
2025-02-23 16:00:00,3.8,-3.0,0.0,3.82,0.0
2025-02-23 17:00:00,3.1,-2.5,0.0,3.61,0.0
2025-02-23 18:00:00,2.7,-1.8,0.0,3.62,0.0
2025-02-23 19:00:00,2.3,-0.9,0.0,3.48,0.0
2025-02-23 20:00:00,2.1,-0.3,0.1,3.48,0.0
2025-02-23 21:00:00,1.7,0.3,0.4,3.7,0.0
2025-02-23 22:00:00,1.4,0.7,0.5,3.52,0.0
2025-02-23 23:00:00,1.4,0.8,0.7,3.49,0.0
2025-02-24 00:00:00,1.5,0.8,1.0,3.53,0.0
2025-02-24 01:00:00,2.1,1.6,0.9,3.53,0.0
2025-02-24 02:00:00,2.2,1.7,0.7,3.6,0.0
2025-02-24 03:00:00,2.4,1.7,0.1,3.78,0.0
2025-02-24 04:00:00,2.4,1.9,0.1,3.59,0.0
2025-02-24 05:00:00,2.5,2.1,0.1,3.58,0.0
2025-02-24 06:00:00,2.7,2.3,0.1,3.29,0.0
2025-02-24 07:00:00,3.0,2.7,0.0,3.09,0.0
2025-02-24 08:00:00,3.6,3.1,0.0,3.11,0.0
2025-02-24 09:00:00,4.0,3.4,0.0,2.93,0.0
2025-02-24 10:00:00,4.4,3.7,0.0,2.72,0.0
2025-02-24 11:00:00,5.4,4.2,0.0,2.84,0.0
2025-02-24 12:00:00,6.3,4.7,0.0,2.86,0.0
2025-02-24 13:00:00,6.5,4.8,0.1,2.25,0.0
2025-02-24 14:00:00,6.9,4.7,0.0,1.66,0.0
2025-02-24 15:00:00,6.5,4.7,0.0,0.78,0.0
2025-02-24 16:00:00,5.2,3.8,0.0,1.07,0.0
2025-02-24 17:00:00,4.2,2.9,0.0,1.17,0.0
2025-02-24 18:00:00,3.5,2.2,0.0,2.05,0.0
2025-02-24 19:00:00,1.6,0.4,0.0,1.05,0.0
2025-02-24 20:00:00,0.8,-0.1,0.0,0.16,0.0
2025-02-24 21:00:00,0.2,-0.2,0.0,0.4,0.0
2025-02-24 22:00:00,-0.5,-0.6,0.0,0.45,0.0
2025-02-24 23:00:00,-0.6,-0.8,0.0,0.54,0.0
2025-02-25 00:00:00,-0.7,-0.8,0.0,0.41,0.0
2025-02-25 01:00:00,-0.4,-0.4,0.0,0.07,0.0
2025-02-25 02:00:00,-0.7,-0.8,0.0,0.05,0.0
2025-02-25 03:00:00,-1.0,-1.0,0.0,0.05,0.0
2025-02-25 04:00:00,-1.3,-1.4,0.0,0.2,0.0
2025-02-25 05:00:00,-1.8,-2.2,0.0,0.55,0.0
2025-02-25 06:00:00,-1.7,-2.2,0.0,0.58,0.0
2025-02-25 07:00:00,-0.1,-0.9,0.0,0.68,3600.0
2025-02-25 08:00:00,2.2,1.4,0.0,0.53,3600.0
2025-02-25 09:00:00,5.1,2.5,0.0,0.43,3600.0
2025-02-25 10:00:00,7.7,3.6,0.0,0.35,3600.0
2025-02-25 11:00:00,9.6,3.7,0.0,0.5,3600.0
2025-02-25 12:00:00,10.8,3.3,0.0,0.68,3600.0
2025-02-25 13:00:00,10.5,3.4,0.0,1.11,3600.0
2025-02-25 14:00:00,10.0,3.6,0.0,0.82,1431.6
2025-02-25 15:00:00,8.8,4.3,0.0,0.52,1064.59
2025-02-25 16:00:00,6.9,2.6,0.0,0.32,2721.06
2025-02-25 17:00:00,5.6,2.0,0.0,0.1,0.0
2025-02-25 18:00:00,4.5,1.5,0.0,0.18,0.0
2025-02-25 19:00:00,3.4,1.0,0.0,0.4,0.0
2025-02-25 20:00:00,2.0,0.4,0.0,1.01,0.0
2025-02-25 21:00:00,1.6,0.1,0.0,0.4,0.0
2025-02-25 22:00:00,1.3,0.0,0.0,0.8,0.0
2025-02-25 23:00:00,1.4,0.0,0.0,1.1,0.0
2025-02-26 00:00:00,1.6,-0.1,0.0,0.57,0.0
2025-02-26 01:00:00,1.4,-0.7,0.0,0.4,0.0
2025-02-26 02:00:00,1.5,-0.6,0.0,0.18,0.0
2025-02-26 03:00:00,1.4,-0.5,0.0,0.28,0.0
2025-02-26 04:00:00,0.6,-0.7,0.0,0.45,0.0
2025-02-26 05:00:00,0.4,-0.7,0.0,1.1,0.0
2025-02-26 06:00:00,0.5,-0.6,0.0,1.36,0.0
2025-02-26 07:00:00,1.9,0.1,0.0,1.42,262.28
2025-02-26 08:00:00,4.3,1.7,0.0,1.1,3600.0
2025-02-26 09:00:00,6.6,2.2,0.0,0.87,3600.0
2025-02-26 10:00:00,8.5,2.1,0.0,1.24,3600.0
2025-02-26 11:00:00,9.8,1.8,0.0,1.82,3600.0
2025-02-26 12:00:00,10.8,1.8,0.0,1.78,3600.0
2025-02-26 13:00:00,10.4,2.4,0.0,1.22,3600.0
2025-02-26 14:00:00,9.4,3.5,0.0,1.39,0.0
2025-02-26 15:00:00,7.8,4.0,0.1,2.8,0.0
2025-02-26 16:00:00,6.1,4.2,0.0,2.72,0.0
2025-02-26 17:00:00,5.3,3.9,0.0,2.35,0.0
2025-02-26 18:00:00,4.7,3.4,0.0,2.15,0.0
2025-02-26 19:00:00,4.2,3.1,0.0,2.17,0.0
2025-02-26 20:00:00,3.8,2.8,0.0,2.44,0.0
2025-02-26 21:00:00,3.5,2.5,0.0,2.44,0.0
2025-02-26 22:00:00,3.5,2.4,0.0,2.11,0.0
2025-02-26 23:00:00,3.5,2.4,0.0,2.04,0.0
2025-02-27 00:00:00,3.2,2.4,0.0,2.08,0.0
2025-02-27 01:00:00,4.4,2.9,0.0,2.14,0.0
2025-02-27 02:00:00,4.2,2.8,0.0,2.22,0.0
2025-02-27 03:00:00,3.9,2.6,0.0,2.31,0.0
2025-02-27 04:00:00,3.5,2.4,0.0,2.01,0.0
2025-02-27 05:00:00,2.9,1.7,0.0,1.69,0.0
2025-02-27 06:00:00,2.3,1.2,0.0,1.78,0.0
2025-02-27 07:00:00,3.2,2.2,0.0,1.9,0.0
2025-02-27 08:00:00,5.0,3.2,0.0,1.54,2516.56
2025-02-27 09:00:00,6.0,3.9,0.0,1.49,3159.96
2025-02-27 10:00:00,6.4,4.3,0.1,1.43,0.0
2025-02-27 11:00:00,7.3,4.9,0.0,1.46,1134.23
2025-02-27 12:00:00,7.8,4.9,0.0,1.17,0.0
2025-02-27 13:00:00,6.8,5.1,0.4,1.45,0.0
2025-02-27 14:00:00,6.8,5.5,0.3,1.3,0.0
2025-02-27 15:00:00,5.9,5.4,0.3,0.96,0.0
2025-02-27 16:00:00,5.1,4.5,0.4,1.2,0.0
2025-02-27 17:00:00,4.5,3.9,0.6,1.57,0.0
2025-02-27 18:00:00,4.2,3.6,1.0,1.96,0.0
2025-02-27 19:00:00,3.8,3.3,1.2,1.61,0.0
2025-02-27 20:00:00,3.4,3.1,1.3,1.5,0.0
2025-02-27 21:00:00,3.1,2.8,1.3,0.91,0.0
2025-02-27 22:00:00,3.1,2.7,1.3,1.86,0.0
2025-02-27 23:00:00,3.0,2.6,1.1,2.25,0.0
2025-02-28 00:00:00,2.9,2.5,0.6,2.45,0.0
2025-02-28 01:00:00,3.8,3.4,0.5,3.31,0.0
2025-02-28 02:00:00,3.5,3.2,0.2,2.95,0.0
2025-02-28 03:00:00,3.2,2.9,0.0,3.12,0.0
2025-02-28 04:00:00,3.1,2.8,0.0,2.87,0.0
2025-02-28 05:00:00,3.1,2.7,0.1,2.8,0.0
2025-02-28 06:00:00,2.9,2.5,0.2,3.04,0.0
2025-02-28 07:00:00,3.4,2.8,0.0,3.33,0.0
2025-02-28 08:00:00,4.3,3.2,0.0,3.4,0.0
2025-02-28 09:00:00,5.7,3.7,0.0,3.85,3600.0
2025-02-28 10:00:00,6.0,3.1,0.0,3.65,3600.0
2025-02-28 11:00:00,6.6,2.8,0.0,3.82,817.96
2025-02-28 12:00:00,6.6,2.5,0.1,3.9,1073.96
2025-02-28 13:00:00,6.5,1.8,0.0,3.78,288.21
2025-02-28 14:00:00,6.5,2.0,0.0,3.57,3600.0
2025-02-28 15:00:00,6.1,2.0,0.1,3.04,3600.0
2025-02-28 16:00:00,4.9,2.0,0.0,2.93,3600.0
2025-02-28 17:00:00,3.5,1.4,0.0,2.66,0.0
2025-02-28 18:00:00,2.6,0.9,0.0,2.28,0.0
2025-02-28 19:00:00,1.6,0.1,0.0,1.95,0.0
2025-02-28 20:00:00,0.8,-0.7,0.0,1.65,0.0
2025-02-28 21:00:00,0.2,-1.2,0.0,2.03,0.0
2025-02-28 22:00:00,-0.2,-1.5,0.0,2.2,0.0
2025-02-28 23:00:00,-0.3,-1.6,0.0,2.21,0.0
2025-03-01 00:00:00,-0.7,-1.8,0.0,2.05,0.0
2025-03-01 01:00:00,0.1,-1.0,0.0,2.76,0.0
2025-03-01 02:00:00,-0.4,-1.4,0.0,2.1,0.0
2025-03-01 03:00:00,-1.0,-1.9,0.0,2.06,0.0
2025-03-01 04:00:00,-1.1,-2.0,0.0,2.02,0.0
2025-03-01 05:00:00,-1.2,-2.1,0.0,2.1,0.0
2025-03-01 06:00:00,-0.8,-1.6,0.0,2.3,155.79
2025-03-01 07:00:00,1.1,-0.3,0.0,2.42,3600.0
2025-03-01 08:00:00,2.7,0.9,0.0,2.42,3600.0
2025-03-01 09:00:00,4.5,1.1,0.0,3.17,3600.0
2025-03-01 10:00:00,5.7,0.5,0.1,4.19,3600.0
2025-03-01 11:00:00,5.6,0.6,0.1,4.61,3600.0
2025-03-01 12:00:00,5.4,0.5,0.1,5.54,3318.72
2025-03-01 13:00:00,3.8,1.3,0.2,4.84,765.4
2025-03-01 14:00:00,3.6,0.7,0.0,4.3,0.0
2025-03-01 15:00:00,2.9,0.7,0.1,3.47,0.0
2025-03-01 16:00:00,2.3,0.8,0.1,3.31,0.0
2025-03-01 17:00:00,1.7,0.6,0.1,3.2,0.0
2025-03-01 18:00:00,1.4,0.5,0.0,3.41,0.0
2025-03-01 19:00:00,1.1,0.6,0.2,3.4,0.0
2025-03-01 20:00:00,1.2,0.7,0.1,3.42,0.0
2025-03-01 21:00:00,1.3,0.8,0.0,3.35,0.0
2025-03-01 22:00:00,1.5,0.7,0.0,3.21,0.0
2025-03-01 23:00:00,1.4,0.6,0.0,3.18,0.0
2025-03-02 00:00:00,1.5,0.5,0.0,3.18,0.0
2025-03-02 01:00:00,1.4,0.6,0.1,3.13,0.0
2025-03-02 02:00:00,1.3,0.6,0.2,3.13,0.0
2025-03-02 03:00:00,1.4,0.6,0.0,2.96,0.0
2025-03-02 04:00:00,1.0,0.2,0.0,2.82,0.0
2025-03-02 05:00:00,0.5,-0.3,0.0,2.52,0.0
2025-03-02 06:00:00,0.6,-0.4,0.0,2.8,0.0
2025-03-02 07:00:00,0.5,-1.0,0.0,3.05,0.0
2025-03-02 08:00:00,0.8,-1.4,0.0,3.46,0.0
2025-03-02 09:00:00,1.3,-2.0,0.0,3.72,0.0
2025-03-02 10:00:00,2.3,-2.6,0.0,3.77,296.12
2025-03-02 11:00:00,3.7,-2.5,0.0,4.14,3600.0
2025-03-02 12:00:00,4.5,-2.2,0.0,4.37,3600.0
2025-03-02 13:00:00,4.4,-1.9,0.0,4.2,3459.77
2025-03-02 14:00:00,4.6,-1.9,0.0,3.94,3600.0
2025-03-02 15:00:00,4.1,-1.9,0.0,3.72,3600.0
2025-03-02 16:00:00,3.3,-1.6,0.0,3.01,2583.97
2025-03-02 17:00:00,1.9,-1.7,0.0,2.78,0.0
2025-03-02 18:00:00,1.9,-1.6,0.0,2.75,0.0
2025-03-02 19:00:00,1.7,-1.5,0.0,3.0,0.0
2025-03-02 20:00:00,1.8,-1.3,0.0,3.16,0.0
2025-03-02 21:00:00,1.7,-1.1,0.0,3.35,0.0
2025-03-02 22:00:00,1.5,-1.0,0.0,3.3,0.0
2025-03-02 23:00:00,1.4,-0.9,0.0,3.24,0.0
2025-03-03 00:00:00,1.4,-0.8,0.0,3.18,0.0
2025-03-03 01:00:00,1.5,-0.2,0.0,3.32,0.0
2025-03-03 02:00:00,1.0,-0.2,0.0,3.0,0.0
2025-03-03 03:00:00,0.4,-0.6,0.0,2.91,0.0
2025-03-03 04:00:00,0.2,-0.8,0.0,2.93,0.0
2025-03-03 05:00:00,0.2,-0.8,0.0,3.07,0.0
2025-03-03 06:00:00,0.3,-0.6,0.0,3.1,26.37
2025-03-03 07:00:00,2.0,0.0,0.0,3.59,1639.07
2025-03-03 08:00:00,3.4,0.5,0.0,3.86,3600.0
2025-03-03 09:00:00,5.0,0.5,0.0,4.7,3600.0
2025-03-03 10:00:00,6.1,-0.2,0.0,5.05,3600.0
2025-03-03 11:00:00,6.8,-0.4,0.0,5.02,2555.13
2025-03-03 12:00:00,7.7,-0.5,0.0,4.82,3600.0
2025-03-03 13:00:00,7.3,-0.2,0.0,4.9,3600.0
2025-03-03 14:00:00,7.2,-0.4,0.0,4.05,3600.0
2025-03-03 15:00:00,7.1,-0.4,0.0,3.45,3600.0
2025-03-03 16:00:00,5.9,-0.3,0.0,2.86,3600.0
2025-03-03 17:00:00,4.1,-0.3,0.0,2.52,0.0
2025-03-03 18:00:00,2.9,-0.4,0.0,2.4,0.0
2025-03-03 19:00:00,1.9,-0.6,0.0,2.72,0.0
2025-03-03 20:00:00,1.2,-0.9,0.0,2.8,0.0
2025-03-03 21:00:00,0.7,-1.3,0.0,2.51,0.0
2025-03-03 22:00:00,0.4,-1.5,0.0,2.54,0.0
2025-03-03 23:00:00,0.3,-1.5,0.0,3.11,0.0
2025-03-04 00:00:00,0.1,-1.6,0.0,3.04,0.0
2025-03-04 01:00:00,0.0,-1.7,0.0,2.93,0.0
2025-03-04 02:00:00,-0.3,-1.8,0.0,2.95,0.0
2025-03-04 03:00:00,-0.6,-2.0,0.0,2.89,0.0
2025-03-04 04:00:00,-0.9,-2.2,0.0,3.0,0.0
2025-03-04 05:00:00,-0.9,-2.3,0.0,2.86,0.0
2025-03-04 06:00:00,-0.6,-2.0,0.0,2.7,1059.95
2025-03-04 07:00:00,1.1,-0.8,0.0,2.89,3600.0
2025-03-04 08:00:00,3.3,0.1,0.0,2.76,3600.0
2025-03-04 09:00:00,5.8,0.5,0.0,3.29,3600.0
2025-03-04 10:00:00,7.7,-0.7,0.0,3.89,3600.0
2025-03-04 11:00:00,9.1,-1.7,0.0,3.92,3600.0
2025-03-04 12:00:00,10.0,-1.7,0.0,3.8,3600.0
2025-03-04 13:00:00,10.3,-2.4,0.0,3.58,3600.0
2025-03-04 14:00:00,10.3,-2.9,0.0,3.39,3600.0
2025-03-04 15:00:00,9.2,-2.3,0.0,3.2,3600.0
2025-03-04 16:00:00,6.7,-2.5,0.0,3.28,3600.0
2025-03-04 17:00:00,4.3,-3.0,0.0,3.4,66.77
2025-03-04 18:00:00,2.9,-3.4,0.0,3.3,0.0
2025-03-04 19:00:00,2.1,-3.6,0.0,3.4,0.0
2025-03-04 20:00:00,1.7,-3.1,0.0,3.49,0.0
2025-03-04 21:00:00,1.6,-2.9,0.0,3.25,0.0
2025-03-04 22:00:00,1.5,-3.3,0.0,3.1,0.0
2025-03-04 23:00:00,1.5,-3.9,0.0,3.11,0.0
2025-03-05 00:00:00,1.2,-4.3,0.0,3.22,0.0
2025-03-05 01:00:00,1.1,-5.6,0.0,3.59,0.0
2025-03-05 02:00:00,0.7,-6.2,0.0,3.59,0.0
2025-03-05 03:00:00,0.7,-6.3,0.0,3.81,0.0
2025-03-05 04:00:00,0.7,-6.1,0.0,3.98,0.0
2025-03-05 05:00:00,0.7,-5.7,0.0,3.82,0.0
2025-03-05 06:00:00,1.2,-5.2,0.0,3.63,2398.79
2025-03-05 07:00:00,2.9,-4.3,0.0,3.46,3600.0
2025-03-05 08:00:00,5.3,-2.7,0.0,2.46,3600.0
2025-03-05 09:00:00,8.1,-2.0,0.0,2.48,3600.0
2025-03-05 10:00:00,10.8,-2.7,0.0,3.15,3600.0
2025-03-05 11:00:00,12.7,-3.4,0.0,3.8,3600.0
2025-03-05 12:00:00,13.8,-3.1,0.0,4.02,3600.0
2025-03-05 13:00:00,14.8,-3.8,0.0,3.95,3600.0
2025-03-05 14:00:00,14.3,-3.1,0.0,4.14,3600.0
2025-03-05 15:00:00,12.6,-2.1,0.0,3.8,3600.0
2025-03-05 16:00:00,10.1,-0.9,0.0,3.44,3600.0
2025-03-05 17:00:00,7.9,-0.4,0.0,3.4,15.87
2025-03-05 18:00:00,6.9,-0.1,0.0,3.5,0.0
2025-03-05 19:00:00,5.8,0.5,0.0,3.08,0.0
2025-03-05 20:00:00,4.7,0.6,0.0,2.61,0.0
2025-03-05 21:00:00,4.3,0.4,0.0,2.65,0.0
2025-03-05 22:00:00,3.7,0.1,0.0,2.67,0.0
2025-03-05 23:00:00,2.9,-0.5,0.0,2.7,0.0
2025-03-06 00:00:00,2.1,-0.9,0.0,2.75,0.0
2025-03-06 01:00:00,2.1,-1.3,0.0,2.57,0.0
2025-03-06 02:00:00,1.7,-1.6,0.0,2.47,0.0
2025-03-06 03:00:00,1.4,-1.8,0.0,2.29,0.0
2025-03-06 04:00:00,1.0,-2.1,0.0,1.97,0.0
2025-03-06 05:00:00,0.8,-2.2,0.0,1.7,0.0
2025-03-06 06:00:00,1.3,-1.8,0.0,1.61,2524.26
2025-03-06 07:00:00,3.4,-0.5,0.0,1.28,3600.0
2025-03-06 08:00:00,6.5,2.0,0.0,0.9,3600.0
2025-03-06 09:00:00,9.9,2.9,0.0,0.57,3600.0
2025-03-06 10:00:00,13.1,3.6,0.0,0.4,3600.0
2025-03-06 11:00:00,15.6,4.0,0.0,0.21,3600.0
2025-03-06 12:00:00,17.4,4.7,0.0,0.3,3600.0
2025-03-06 13:00:00,18.8,4.7,0.0,0.56,3600.0
2025-03-06 14:00:00,19.3,5.6,0.0,1.46,3600.0
2025-03-06 15:00:00,16.8,3.6,0.0,2.2,3600.0
2025-03-06 16:00:00,13.0,2.4,0.0,2.04,3600.0
2025-03-06 17:00:00,9.2,1.0,0.0,1.92,328.26
2025-03-06 18:00:00,7.8,-0.2,0.0,1.83,0.0
2025-03-06 19:00:00,7.0,-0.5,0.0,2.18,0.0
2025-03-06 20:00:00,6.0,-0.8,0.0,2.69,0.0
2025-03-06 21:00:00,5.5,-1.3,0.0,2.42,0.0
2025-03-06 22:00:00,5.0,-1.7,0.0,2.08,0.0
2025-03-06 23:00:00,4.0,-2.1,0.0,1.82,0.0
2025-03-07 00:00:00,3.8,-3.1,0.0,1.11,0.0
2025-03-07 01:00:00,4.0,-2.9,0.0,1.36,0.0
2025-03-07 02:00:00,3.5,-3.4,0.0,0.38,0.0
2025-03-07 03:00:00,2.7,-3.6,0.0,0.57,0.0
2025-03-07 04:00:00,1.8,-3.5,0.0,1.45,0.0
2025-03-07 05:00:00,1.1,-3.3,0.0,1.41,0.0
2025-03-07 06:00:00,1.5,-2.9,0.0,1.11,861.84
2025-03-07 07:00:00,3.7,-1.8,0.0,0.94,3600.0
2025-03-07 08:00:00,6.7,0.1,0.0,0.65,3600.0
2025-03-07 09:00:00,9.6,1.6,0.0,0.81,3600.0
2025-03-07 10:00:00,12.2,2.2,0.0,0.81,3600.0
2025-03-07 11:00:00,14.1,2.1,0.0,0.92,3600.0
2025-03-07 12:00:00,15.2,2.4,0.0,1.33,3600.0
2025-03-07 13:00:00,15.5,1.9,0.0,1.28,3600.0
2025-03-07 14:00:00,15.1,3.7,0.0,1.66,3600.0
2025-03-07 15:00:00,13.7,3.7,0.0,1.92,3600.0
2025-03-07 16:00:00,11.3,3.5,0.0,1.75,3600.0
2025-03-07 17:00:00,8.6,2.8,0.0,1.71,277.54
2025-03-07 18:00:00,7.0,2.1,0.0,1.49,0.0
2025-03-07 19:00:00,6.3,1.6,0.0,0.65,0.0
2025-03-07 20:00:00,4.4,1.2,0.0,0.25,0.0
2025-03-07 21:00:00,3.0,0.5,0.0,0.97,0.0
2025-03-07 22:00:00,2.7,-0.4,0.0,1.35,0.0
2025-03-07 23:00:00,2.6,-1.4,0.0,1.41,0.0
2025-03-08 00:00:00,2.6,-2.2,0.0,0.86,0.0
2025-03-08 01:00:00,2.7,-2.6,0.0,0.2,0.0
2025-03-08 02:00:00,2.6,-2.7,0.0,0.1,0.0
2025-03-08 03:00:00,1.6,-2.5,0.0,0.25,0.0
2025-03-08 04:00:00,1.3,-2.3,0.0,0.27,0.0
2025-03-08 05:00:00,1.4,-2.5,0.0,0.14,0.0
2025-03-08 06:00:00,2.0,-1.9,0.0,0.32,2616.15
2025-03-08 07:00:00,4.4,-1.1,0.0,1.03,3600.0
2025-03-08 08:00:00,7.3,1.3,0.0,0.59,3600.0
2025-03-08 09:00:00,10.2,2.7,0.0,0.16,3600.0
2025-03-08 10:00:00,12.7,2.7,0.0,0.35,3600.0
2025-03-08 11:00:00,14.4,2.5,0.0,0.89,3600.0
2025-03-08 12:00:00,15.3,2.9,0.0,1.42,3600.0
2025-03-08 13:00:00,16.6,2.9,0.0,1.66,3600.0
2025-03-08 14:00:00,16.2,4.0,0.0,1.79,3600.0
2025-03-08 15:00:00,14.5,5.4,0.0,1.71,3600.0
2025-03-08 16:00:00,11.5,4.9,0.0,1.91,3600.0
2025-03-08 17:00:00,8.9,3.6,0.0,2.13,227.17
2025-03-08 18:00:00,7.1,2.6,0.0,1.81,0.0
2025-03-08 19:00:00,5.5,1.9,0.0,1.43,0.0
2025-03-08 20:00:00,4.8,1.2,0.0,1.31,0.0
2025-03-08 21:00:00,4.9,1.0,0.0,1.49,0.0
2025-03-08 22:00:00,4.8,1.0,0.0,1.38,0.0
2025-03-08 23:00:00,3.8,0.3,0.0,1.35,0.0
2025-03-09 00:00:00,2.9,-0.4,0.0,1.4,0.0
2025-03-09 01:00:00,2.3,-0.7,0.0,1.13,0.0
2025-03-09 02:00:00,2.2,-0.6,0.0,1.27,0.0
2025-03-09 03:00:00,1.5,-0.8,0.0,1.2,0.0
2025-03-09 04:00:00,1.0,-1.0,0.0,1.27,0.0
2025-03-09 05:00:00,0.5,-1.3,0.0,1.35,0.0
2025-03-09 06:00:00,0.8,-0.8,0.0,1.96,2548.2
2025-03-09 07:00:00,2.9,0.8,0.0,1.63,3600.0
2025-03-09 08:00:00,5.8,2.1,0.0,1.07,3600.0
2025-03-09 09:00:00,8.6,3.0,0.0,0.85,3600.0
2025-03-09 10:00:00,11.4,3.5,0.0,1.06,3600.0
2025-03-09 11:00:00,13.8,3.4,0.0,1.26,3600.0
2025-03-09 12:00:00,15.6,3.4,0.0,1.52,3600.0
2025-03-09 13:00:00,16.2,3.9,0.0,2.04,3600.0
2025-03-09 14:00:00,15.7,4.5,0.0,2.23,3600.0
2025-03-09 15:00:00,14.4,4.4,0.0,2.29,3600.0
2025-03-09 16:00:00,12.1,4.6,0.0,1.99,1699.37
2025-03-09 17:00:00,10.1,4.9,0.0,1.54,0.0
2025-03-09 18:00:00,9.1,4.7,0.0,1.26,0.0
2025-03-09 19:00:00,8.4,3.9,0.0,0.25,0.0
2025-03-09 20:00:00,7.3,3.0,0.0,0.89,0.0
2025-03-09 21:00:00,6.6,2.1,0.0,0.87,0.0
2025-03-09 22:00:00,6.5,1.3,0.0,1.31,0.0
2025-03-09 23:00:00,7.3,0.3,0.0,2.15,0.0
2025-03-10 00:00:00,6.1,0.3,0.0,1.72,0.0
2025-03-10 01:00:00,8.8,0.3,0.0,2.34,0.0
2025-03-10 02:00:00,7.5,0.1,0.0,1.85,0.0
2025-03-10 03:00:00,5.4,-0.6,0.0,1.25,0.0
2025-03-10 04:00:00,3.9,-0.7,0.0,1.16,0.0
2025-03-10 05:00:00,2.5,-0.9,0.0,1.71,0.0
2025-03-10 06:00:00,2.5,-0.9,0.0,2.11,3026.98
2025-03-10 07:00:00,5.7,0.6,0.0,2.17,3600.0
2025-03-10 08:00:00,9.9,3.1,0.0,1.89,3600.0
2025-03-10 09:00:00,13.5,5.4,0.0,1.72,3600.0
2025-03-10 10:00:00,16.2,6.2,0.0,2.12,3600.0
2025-03-10 11:00:00,17.7,5.6,0.0,2.45,3600.0
2025-03-10 12:00:00,18.5,5.6,0.0,3.49,3600.0
2025-03-10 13:00:00,19.5,5.4,0.0,4.13,3600.0
2025-03-10 14:00:00,19.1,6.1,0.0,3.91,3600.0
2025-03-10 15:00:00,17.9,6.8,0.0,3.19,3600.0
2025-03-10 16:00:00,15.2,7.2,0.0,2.29,2318.5
2025-03-10 17:00:00,13.0,6.9,0.0,2.24,0.0
2025-03-10 18:00:00,12.1,6.9,0.0,2.18,0.0
2025-03-10 19:00:00,11.8,6.4,0.0,2.97,0.0
2025-03-10 20:00:00,11.0,6.7,0.2,3.94,0.0
2025-03-10 21:00:00,9.2,8.0,2.0,3.18,0.0
2025-03-10 22:00:00,9.0,7.8,0.7,3.19,0.0
2025-03-10 23:00:00,8.5,7.6,0.1,2.34,0.0
2025-03-11 00:00:00,8.3,7.2,0.2,4.12,0.0
2025-03-11 01:00:00,9.4,7.1,0.1,4.98,0.0
2025-03-11 02:00:00,9.2,7.1,0.2,5.93,0.0
2025-03-11 03:00:00,9.2,7.3,0.1,5.82,0.0
2025-03-11 04:00:00,8.8,6.8,0.0,5.13,0.0
2025-03-11 05:00:00,8.2,6.5,0.0,4.42,0.0
2025-03-11 06:00:00,8.4,6.6,0.0,4.23,0.0
2025-03-11 07:00:00,9.8,6.6,0.0,4.25,3600.0
2025-03-11 08:00:00,10.6,6.7,0.0,3.53,0.0
2025-03-11 09:00:00,12.5,6.8,0.0,3.81,3600.0
2025-03-11 10:00:00,13.5,6.7,0.0,3.75,3600.0
2025-03-11 11:00:00,14.6,6.3,0.0,4.54,3600.0
2025-03-11 12:00:00,15.4,5.3,0.0,4.13,3600.0
2025-03-11 13:00:00,14.6,5.5,0.0,3.78,3600.0
2025-03-11 14:00:00,14.4,5.2,0.0,3.62,3600.0
2025-03-11 15:00:00,13.8,5.7,0.0,2.92,0.0
2025-03-11 16:00:00,12.6,5.7,0.0,2.77,0.0
2025-03-11 17:00:00,11.4,5.7,0.0,2.1,0.0
2025-03-11 18:00:00,10.3,5.8,0.0,2.11,0.0
2025-03-11 19:00:00,9.5,5.8,0.0,1.91,0.0
2025-03-11 20:00:00,8.9,5.7,0.0,1.63,0.0
2025-03-11 21:00:00,8.2,5.2,0.0,1.99,0.0
2025-03-11 22:00:00,7.4,4.5,0.0,2.19,0.0
2025-03-11 23:00:00,6.7,4.2,0.0,2.21,0.0
2025-03-12 00:00:00,6.3,4.2,0.0,1.47,0.0
2025-03-12 01:00:00,7.2,5.1,0.0,1.49,0.0
2025-03-12 02:00:00,5.9,4.4,0.0,1.1,0.0
2025-03-12 03:00:00,5.0,3.9,0.0,1.03,0.0
2025-03-12 04:00:00,4.4,3.5,0.0,0.94,0.0
2025-03-12 05:00:00,4.2,3.2,0.0,0.91,0.0
2025-03-12 06:00:00,5.4,4.0,0.0,0.71,3284.27
2025-03-12 07:00:00,7.6,5.3,0.0,0.16,3600.0
2025-03-12 08:00:00,10.3,5.9,0.0,0.98,3600.0
2025-03-12 09:00:00,12.6,6.5,0.0,0.96,3600.0
2025-03-12 10:00:00,14.4,6.7,0.0,1.36,3600.0
2025-03-12 11:00:00,15.5,6.2,0.0,1.59,3600.0
2025-03-12 12:00:00,15.6,5.1,0.1,3.31,3600.0
2025-03-12 13:00:00,14.3,7.9,0.0,1.91,3600.0
2025-03-12 14:00:00,14.8,7.8,0.0,2.54,3600.0
2025-03-12 15:00:00,14.7,7.7,0.0,2.12,3600.0
2025-03-12 16:00:00,13.6,7.5,0.0,1.99,3600.0
2025-03-12 17:00:00,12.3,5.9,0.0,2.11,0.0
2025-03-12 18:00:00,10.1,5.6,0.0,1.6,0.0
2025-03-12 19:00:00,10.1,5.8,0.0,1.72,0.0
2025-03-12 20:00:00,9.2,5.8,0.0,2.3,0.0
2025-03-12 21:00:00,8.3,5.7,0.0,1.66,0.0
2025-03-12 22:00:00,7.5,5.1,0.0,1.27,0.0
2025-03-12 23:00:00,7.6,4.8,0.0,1.36,0.0
2025-03-13 00:00:00,8.3,4.9,0.0,1.74,0.0
2025-03-13 01:00:00,10.6,6.5,0.0,2.4,0.0
2025-03-13 02:00:00,10.2,6.6,0.0,2.14,0.0
2025-03-13 03:00:00,9.2,6.7,0.0,1.07,0.0
2025-03-13 04:00:00,9.3,6.8,0.4,2.4,0.0
2025-03-13 05:00:00,8.5,6.9,0.3,0.46,0.0
2025-03-13 06:00:00,8.4,7.3,0.0,3.41,0.0
2025-03-13 07:00:00,9.0,8.0,0.0,2.55,0.0
2025-03-13 08:00:00,9.4,8.3,0.2,1.37,0.0
2025-03-13 09:00:00,9.7,8.8,0.2,0.39,0.0
2025-03-13 10:00:00,9.9,9.4,0.5,0.62,0.0
2025-03-13 11:00:00,10.1,9.5,0.9,1.5,0.0
2025-03-13 12:00:00,10.3,9.8,1.3,0.75,0.0
2025-03-13 13:00:00,11.4,9.5,0.2,1.09,0.0
2025-03-13 14:00:00,11.9,9.3,0.3,1.51,0.0
2025-03-13 15:00:00,11.7,9.6,4.2,3.11,1023.05
2025-03-13 16:00:00,8.1,6.7,0.2,7.88,18.63
2025-03-13 17:00:00,6.3,3.9,0.0,6.86,0.0
2025-03-13 18:00:00,4.2,2.0,0.0,7.02,0.0
2025-03-13 19:00:00,3.5,1.2,0.0,7.12,0.0
2025-03-13 20:00:00,3.3,0.8,0.0,6.7,0.0
2025-03-13 21:00:00,3.2,0.4,0.0,6.27,0.0
2025-03-13 22:00:00,3.2,0.3,0.0,5.15,0.0
2025-03-13 23:00:00,3.1,0.5,0.0,3.81,0.0
2025-03-14 00:00:00,3.2,0.4,0.0,3.61,0.0
2025-03-14 01:00:00,3.6,0.8,0.0,3.4,0.0
2025-03-14 02:00:00,3.7,0.7,0.0,2.84,0.0
2025-03-14 03:00:00,3.2,0.7,0.0,2.16,0.0
2025-03-14 04:00:00,2.2,0.6,0.0,1.11,0.0
2025-03-14 05:00:00,1.8,0.2,0.0,0.25,0.0
2025-03-14 06:00:00,2.5,1.0,0.0,0.91,1481.45
2025-03-14 07:00:00,3.7,1.0,0.0,0.93,77.49
2025-03-14 08:00:00,4.4,0.9,0.0,2.21,0.0
2025-03-14 09:00:00,5.0,1.3,0.0,2.65,0.0
2025-03-14 10:00:00,5.0,1.6,0.1,2.92,0.0
2025-03-14 11:00:00,5.9,2.1,0.3,3.73,0.0
2025-03-14 12:00:00,5.6,3.1,0.9,3.81,0.0
2025-03-14 13:00:00,4.9,3.8,1.0,3.13,0.0
2025-03-14 14:00:00,5.2,4.3,1.3,3.66,0.0
2025-03-14 15:00:00,4.6,3.8,1.3,3.68,0.0
2025-03-14 16:00:00,4.2,3.6,1.8,3.83,0.0
2025-03-14 17:00:00,3.8,3.3,2.5,4.41,0.0
2025-03-14 18:00:00,3.3,2.8,2.8,4.02,0.0
2025-03-14 19:00:00,2.8,2.4,2.7,3.25,0.0
2025-03-14 20:00:00,2.3,2.0,1.7,3.09,0.0
2025-03-14 21:00:00,2.1,1.7,0.8,3.4,0.0
2025-03-14 22:00:00,1.9,1.6,0.4,2.12,0.0
2025-03-14 23:00:00,2.0,1.4,0.1,2.64,0.0
2025-03-15 00:00:00,2.1,1.5,0.1,2.55,0.0
2025-03-15 01:00:00,1.8,1.3,0.0,3.15,0.0
2025-03-15 02:00:00,1.7,0.9,0.0,3.05,0.0
2025-03-15 03:00:00,1.6,0.5,0.0,3.61,0.0
2025-03-15 04:00:00,1.6,0.3,0.1,3.55,0.0
2025-03-15 05:00:00,1.4,0.2,0.1,3.61,0.0
2025-03-15 06:00:00,1.5,0.1,0.1,4.03,0.0
2025-03-15 07:00:00,1.5,-0.2,0.0,4.01,0.0
2025-03-15 08:00:00,1.7,-0.2,0.1,4.49,0.0
2025-03-15 09:00:00,2.1,-0.4,0.2,4.58,0.0
2025-03-15 10:00:00,2.3,-0.5,0.2,4.6,0.0
2025-03-15 11:00:00,2.5,-0.4,0.3,4.59,0.0
2025-03-15 12:00:00,2.9,-0.2,0.3,4.51,0.0
2025-03-15 13:00:00,2.3,-0.1,0.3,4.37,0.0
2025-03-15 14:00:00,2.1,0.2,0.3,4.03,0.0
2025-03-15 15:00:00,2.0,-0.3,0.3,3.8,0.0
2025-03-15 16:00:00,1.7,-0.1,0.2,3.1,0.0
2025-03-15 17:00:00,1.4,-0.2,0.1,2.88,0.0
2025-03-15 18:00:00,1.2,-0.6,0.0,2.84,0.0
2025-03-15 19:00:00,1.1,-1.0,0.0,2.77,0.0
2025-03-15 20:00:00,1.0,-1.5,0.0,2.87,0.0
2025-03-15 21:00:00,0.7,-2.0,0.0,2.77,0.0
2025-03-15 22:00:00,0.5,-2.2,0.0,2.53,0.0
2025-03-15 23:00:00,0.3,-2.3,0.0,2.19,0.0
2025-03-16 00:00:00,0.1,-2.4,0.0,2.17,0.0
2025-03-16 01:00:00,-1.5,-2.9,0.0,2.51,0.0
2025-03-16 02:00:00,-2.2,-3.4,0.0,2.16,0.0
2025-03-16 03:00:00,-2.5,-3.6,0.0,2.29,0.0
2025-03-16 04:00:00,-2.6,-3.8,0.0,1.87,0.0
2025-03-16 05:00:00,-2.7,-3.9,0.0,1.75,0.0
2025-03-16 06:00:00,-1.9,-3.5,0.0,1.76,3600.0
2025-03-16 07:00:00,-0.6,-3.2,0.0,2.76,3600.0
2025-03-16 08:00:00,0.9,-3.1,0.0,3.4,3600.0
2025-03-16 09:00:00,2.2,-3.2,0.0,3.06,3600.0
2025-03-16 10:00:00,3.2,-2.9,0.0,2.58,3600.0
2025-03-16 11:00:00,4.2,-2.5,0.0,2.02,3600.0
2025-03-16 12:00:00,5.1,-2.6,0.0,1.45,3600.0
2025-03-16 13:00:00,4.1,-2.4,0.0,1.07,3600.0
2025-03-16 14:00:00,4.7,-2.9,0.0,0.5,3600.0
2025-03-16 15:00:00,4.8,-3.0,0.0,0.35,3600.0
2025-03-16 16:00:00,4.1,-1.7,0.0,0.82,3600.0
2025-03-16 17:00:00,1.5,-1.7,0.0,1.32,2343.39
2025-03-16 18:00:00,0.2,-2.2,0.0,1.13,0.0
2025-03-16 19:00:00,-0.3,-2.5,0.0,1.93,0.0
2025-03-16 20:00:00,-1.2,-3.1,0.0,2.26,0.0
2025-03-16 21:00:00,-1.7,-3.6,0.0,2.09,0.0
2025-03-16 22:00:00,-2.1,-3.9,0.0,2.21,0.0
2025-03-16 23:00:00,-2.1,-4.1,0.0,2.43,0.0
2025-03-17 00:00:00,-0.8,-3.7,0.0,2.69,0.0
2025-03-17 01:00:00,0.5,-2.2,0.0,2.48,0.0
2025-03-17 02:00:00,0.6,-2.3,0.0,2.65,0.0
2025-03-17 03:00:00,0.7,-2.6,0.1,2.96,0.0
2025-03-17 04:00:00,0.9,-2.2,0.1,3.05,0.0
2025-03-17 05:00:00,1.0,-0.7,0.6,3.39,0.0
2025-03-17 06:00:00,0.6,-2.1,0.1,6.17,0.0
2025-03-17 07:00:00,-0.1,-4.8,0.0,6.09,0.0
2025-03-17 08:00:00,0.4,-6.2,0.0,5.7,307.97
2025-03-17 09:00:00,1.2,-7.3,0.0,5.11,3600.0
2025-03-17 10:00:00,2.1,-8.8,0.0,4.97,3600.0
2025-03-17 11:00:00,3.0,-11.3,0.0,5.4,3600.0
2025-03-17 12:00:00,3.4,-11.4,0.0,6.02,3600.0
2025-03-17 13:00:00,2.9,-9.5,0.1,5.54,3600.0
2025-03-17 14:00:00,2.6,-9.6,0.1,5.62,3600.0
2025-03-17 15:00:00,2.2,-10.3,0.0,5.2,3600.0
2025-03-17 16:00:00,1.3,-9.4,0.0,3.72,3600.0
2025-03-17 17:00:00,-0.4,-9.2,0.0,3.24,2592.25
2025-03-17 18:00:00,-1.5,-8.8,0.0,2.68,0.0
2025-03-17 19:00:00,-2.1,-8.9,0.0,2.6,0.0
2025-03-17 20:00:00,-2.5,-9.4,0.0,2.65,0.0
2025-03-17 21:00:00,-2.9,-9.7,0.0,2.79,0.0
2025-03-17 22:00:00,-3.2,-9.8,0.0,2.8,0.0
2025-03-17 23:00:00,-3.4,-9.8,0.0,2.57,0.0
2025-03-18 00:00:00,-3.6,-9.8,0.0,2.41,0.0
2025-03-18 01:00:00,-3.3,-9.0,0.0,2.86,0.0
2025-03-18 02:00:00,-3.5,-8.7,0.0,2.36,0.0
2025-03-18 03:00:00,-4.1,-7.8,0.0,1.04,0.0
2025-03-18 04:00:00,-4.4,-7.7,0.0,1.0,0.0
2025-03-18 05:00:00,-4.6,-7.7,0.0,2.18,0.0
2025-03-18 06:00:00,-3.6,-7.3,0.0,2.61,3600.0
2025-03-18 07:00:00,-1.5,-6.6,0.0,2.72,3600.0
2025-03-18 08:00:00,0.5,-6.5,0.0,2.87,3600.0
2025-03-18 09:00:00,2.1,-7.6,0.0,2.65,3600.0
2025-03-18 10:00:00,3.2,-8.6,0.0,2.4,3600.0
2025-03-18 11:00:00,4.1,-9.1,0.0,2.46,3600.0
2025-03-18 12:00:00,4.7,-9.2,0.0,2.64,3600.0
2025-03-18 13:00:00,5.6,-9.1,0.0,2.86,3600.0
2025-03-18 14:00:00,6.0,-8.5,0.0,3.12,3600.0
2025-03-18 15:00:00,5.3,-7.6,0.0,3.31,3600.0
2025-03-18 16:00:00,3.5,-6.0,0.0,2.18,3600.0
2025-03-18 17:00:00,1.1,-6.8,0.0,3.02,2601.6
2025-03-18 18:00:00,-0.2,-7.5,0.0,3.25,0.0
2025-03-18 19:00:00,-1.0,-7.2,0.0,3.06,0.0
2025-03-18 20:00:00,-1.6,-6.9,0.0,2.65,0.0
2025-03-18 21:00:00,-2.1,-6.7,0.0,2.48,0.0
2025-03-18 22:00:00,-2.3,-6.7,0.0,2.47,0.0
2025-03-18 23:00:00,-2.4,-6.8,0.0,2.57,0.0
2025-03-19 00:00:00,-2.3,-7.1,0.0,2.67,0.0
2025-03-19 01:00:00,-2.1,-6.2,0.0,2.57,0.0
2025-03-19 02:00:00,-2.3,-6.4,0.0,2.52,0.0
2025-03-19 03:00:00,-2.4,-6.6,0.0,2.27,0.0
2025-03-19 04:00:00,-2.6,-6.7,0.0,2.06,0.0
2025-03-19 05:00:00,-2.7,-6.7,0.0,1.92,0.0
2025-03-19 06:00:00,-1.2,-6.0,0.0,2.17,3600.0
2025-03-19 07:00:00,1.0,-5.9,0.0,1.68,3600.0
2025-03-19 08:00:00,3.3,-5.8,0.0,2.11,3600.0
2025-03-19 09:00:00,5.3,-6.2,0.0,2.82,3600.0
2025-03-19 10:00:00,6.7,-6.4,0.0,2.76,3600.0
2025-03-19 11:00:00,7.8,-6.4,0.0,2.49,3600.0
2025-03-19 12:00:00,8.6,-6.5,0.0,2.51,3600.0
2025-03-19 13:00:00,8.9,-6.8,0.0,2.71,3600.0
2025-03-19 14:00:00,9.0,-6.6,0.0,2.76,3600.0
2025-03-19 15:00:00,8.4,-4.6,0.0,2.04,3600.0
2025-03-19 16:00:00,6.6,-3.1,0.0,1.98,3600.0
2025-03-19 17:00:00,4.3,-3.7,0.0,1.85,2784.73
2025-03-19 18:00:00,2.0,-3.7,0.0,1.45,0.0
2025-03-19 19:00:00,0.7,-4.5,0.0,1.2,0.0
2025-03-19 20:00:00,-0.1,-4.7,0.0,1.35,0.0
2025-03-19 21:00:00,-0.2,-4.8,0.0,1.45,0.0
2025-03-19 22:00:00,-0.3,-5.0,0.0,2.16,0.0
2025-03-19 23:00:00,-0.6,-5.1,0.0,2.5,0.0
2025-03-20 00:00:00,-1.1,-5.1,0.0,2.09,0.0
2025-03-20 01:00:00,-1.2,-4.7,0.0,1.69,0.0
2025-03-20 02:00:00,-1.8,-4.9,0.0,1.43,0.0
2025-03-20 03:00:00,-2.2,-5.2,0.0,1.23,0.0
2025-03-20 04:00:00,-2.5,-5.4,0.0,1.12,0.0
2025-03-20 05:00:00,-2.5,-5.4,0.0,1.3,0.0
2025-03-20 06:00:00,-1.2,-4.2,0.0,1.4,3600.0
2025-03-20 07:00:00,1.6,-3.3,0.0,0.65,3600.0
2025-03-20 08:00:00,4.3,-2.4,0.0,0.6,3600.0
2025-03-20 09:00:00,6.7,-2.4,0.0,0.8,3600.0
2025-03-20 10:00:00,8.9,-3.1,0.0,1.06,3600.0
2025-03-20 11:00:00,10.5,-3.2,0.0,1.48,3600.0
2025-03-20 12:00:00,11.6,-2.5,0.0,1.71,3600.0
2025-03-20 13:00:00,12.7,-4.4,0.0,0.94,3600.0
2025-03-20 14:00:00,13.0,-4.3,0.0,0.62,3600.0
2025-03-20 15:00:00,12.7,-1.7,0.0,0.54,3600.0
2025-03-20 16:00:00,9.7,1.7,0.0,1.03,3600.0
2025-03-20 17:00:00,6.4,-0.8,0.0,0.43,2880.65
2025-03-20 18:00:00,5.0,-1.3,0.0,1.95,0.0
2025-03-20 19:00:00,4.2,-2.3,0.0,2.31,0.0
2025-03-20 20:00:00,3.3,-2.8,0.0,2.76,0.0
2025-03-20 21:00:00,2.0,-3.1,0.0,2.6,0.0
2025-03-20 22:00:00,0.5,-3.4,0.0,2.04,0.0
2025-03-20 23:00:00,-0.7,-3.8,0.0,1.39,0.0
2025-03-21 00:00:00,-1.4,-4.0,0.0,1.15,0.0
2025-03-21 01:00:00,-0.4,-4.0,0.0,1.31,0.0
2025-03-21 02:00:00,-0.8,-4.2,0.0,1.24,0.0
2025-03-21 03:00:00,-1.0,-4.3,0.0,1.13,0.0
2025-03-21 04:00:00,-1.1,-4.4,0.0,0.96,0.0
2025-03-21 05:00:00,-1.1,-4.3,0.0,0.9,0.0
2025-03-21 06:00:00,0.7,-2.9,0.0,1.17,3600.0
2025-03-21 07:00:00,3.5,-0.9,0.0,0.46,3600.0
2025-03-21 08:00:00,6.4,0.1,0.0,0.0,3600.0
2025-03-21 09:00:00,9.0,0.6,0.0,0.34,3600.0
2025-03-21 10:00:00,11.2,0.5,0.0,0.99,3600.0
2025-03-21 11:00:00,12.7,-0.1,0.0,1.68,3600.0
2025-03-21 12:00:00,13.6,-0.4,0.0,1.83,3600.0
2025-03-21 13:00:00,14.1,-2.4,0.0,1.1,3600.0
2025-03-21 14:00:00,14.2,-2.2,0.0,0.56,3600.0
2025-03-21 15:00:00,13.4,0.5,0.0,1.28,3600.0
2025-03-21 16:00:00,10.7,2.0,0.0,1.93,3600.0
2025-03-21 17:00:00,8.0,1.2,0.0,1.85,2976.34
2025-03-21 18:00:00,5.7,0.8,0.0,1.5,0.0
2025-03-21 19:00:00,4.4,0.2,0.0,1.27,0.0
2025-03-21 20:00:00,3.8,-0.7,0.0,1.1,0.0
2025-03-21 21:00:00,3.0,-1.3,0.0,1.41,0.0
2025-03-21 22:00:00,2.4,-2.0,0.0,1.28,0.0
2025-03-21 23:00:00,2.5,-2.0,0.0,1.55,0.0
2025-03-22 00:00:00,1.7,-1.9,0.0,1.67,0.0
2025-03-22 01:00:00,0.6,-1.8,0.0,1.54,0.0
2025-03-22 02:00:00,0.5,-2.3,0.0,1.49,0.0
2025-03-22 03:00:00,0.3,-2.5,0.0,2.23,0.0
2025-03-22 04:00:00,-0.2,-2.7,0.0,2.27,0.0
2025-03-22 05:00:00,-0.7,-2.8,0.0,2.32,0.0
2025-03-22 06:00:00,0.6,-1.9,0.0,2.35,3600.0
2025-03-22 07:00:00,2.6,-1.0,0.0,1.8,3600.0
2025-03-22 08:00:00,5.3,0.4,0.0,2.12,3600.0
2025-03-22 09:00:00,8.1,1.2,0.0,2.88,3600.0
2025-03-22 10:00:00,10.6,1.4,0.0,3.83,3600.0
2025-03-22 11:00:00,12.1,0.9,0.0,4.73,3600.0
2025-03-22 12:00:00,13.0,-0.1,0.0,5.02,3600.0
2025-03-22 13:00:00,13.9,-1.7,0.0,5.15,3600.0
2025-03-22 14:00:00,13.6,-1.6,0.0,5.46,3600.0
2025-03-22 15:00:00,12.8,-0.5,0.0,5.21,3600.0
2025-03-22 16:00:00,11.0,-0.2,0.0,5.15,3600.0
2025-03-22 17:00:00,8.6,-0.4,0.0,4.71,3071.8
2025-03-22 18:00:00,6.8,-0.4,0.0,4.03,0.0
2025-03-22 19:00:00,5.3,-0.6,0.0,3.59,0.0
2025-03-22 20:00:00,4.3,-0.9,0.0,3.29,0.0
2025-03-22 21:00:00,3.7,-1.1,0.0,3.23,0.0
2025-03-22 22:00:00,3.1,-1.4,0.0,3.47,0.0
2025-03-22 23:00:00,2.7,-1.6,0.0,3.45,0.0
2025-03-23 00:00:00,2.5,-1.6,0.0,3.34,0.0
2025-03-23 01:00:00,5.3,0.5,0.0,3.1,0.0
2025-03-23 02:00:00,4.7,1.5,0.0,2.58,0.0
2025-03-23 03:00:00,4.4,2.4,0.0,2.62,0.0
2025-03-23 04:00:00,4.5,3.2,0.0,2.65,0.0
2025-03-23 05:00:00,4.6,3.6,0.0,2.83,0.0
2025-03-23 06:00:00,5.8,4.3,0.0,2.77,1733.45
2025-03-23 07:00:00,7.6,4.9,0.0,2.85,3495.68
2025-03-23 08:00:00,9.0,5.6,0.0,2.61,3600.0
2025-03-23 09:00:00,10.0,6.4,0.1,2.69,0.0
2025-03-23 10:00:00,9.9,7.4,2.8,3.2,0.0
2025-03-23 11:00:00,11.0,7.6,4.1,3.98,492.07
2025-03-23 12:00:00,11.2,7.6,0.5,2.98,14.47
2025-03-23 13:00:00,10.6,9.0,0.6,2.83,0.0
2025-03-23 14:00:00,10.5,9.3,0.2,3.54,0.0
2025-03-23 15:00:00,11.5,9.3,0.0,2.93,3600.0
2025-03-23 16:00:00,11.1,9.0,0.0,2.36,3600.0
2025-03-23 17:00:00,9.9,7.9,0.0,1.23,1282.52
2025-03-23 18:00:00,9.0,7.2,0.0,1.2,0.0
2025-03-23 19:00:00,8.5,6.7,0.0,1.9,0.0
2025-03-23 20:00:00,8.2,6.2,0.0,2.05,0.0
2025-03-23 21:00:00,7.2,5.4,0.0,1.84,0.0
2025-03-23 22:00:00,6.9,4.9,0.0,1.17,0.0
2025-03-23 23:00:00,6.8,4.7,0.0,0.97,0.0
2025-03-24 00:00:00,6.2,4.2,0.0,1.05,0.0
2025-03-24 01:00:00,8.0,6.3,0.0,0.89,0.0
2025-03-24 02:00:00,7.9,6.3,0.0,1.93,0.0
2025-03-24 03:00:00,7.6,6.5,0.0,2.22,0.0
2025-03-24 04:00:00,6.2,5.5,0.0,1.68,0.0
2025-03-24 05:00:00,6.0,5.3,0.0,2.2,0.0
2025-03-24 06:00:00,7.2,6.2,0.0,2.54,3600.0
2025-03-24 07:00:00,8.4,7.4,0.0,2.58,2591.74
2025-03-24 08:00:00,9.5,7.4,0.0,3.8,0.0
2025-03-24 09:00:00,10.9,8.0,0.0,3.52,159.63
2025-03-24 10:00:00,12.7,8.1,0.0,4.07,3184.07
2025-03-24 11:00:00,13.7,7.8,0.0,3.76,3600.0
2025-03-24 12:00:00,13.6,7.7,0.0,2.91,0.0
2025-03-24 13:00:00,13.7,7.6,0.0,1.72,1766.79
2025-03-24 14:00:00,13.5,7.4,0.0,1.84,0.0
2025-03-24 15:00:00,13.0,7.1,0.0,1.94,722.54
2025-03-24 16:00:00,12.2,7.7,0.0,0.97,0.0
2025-03-24 17:00:00,10.9,7.6,0.0,0.85,0.0
2025-03-24 18:00:00,10.0,7.4,0.0,0.86,0.0
2025-03-24 19:00:00,9.4,7.5,0.0,1.22,0.0
2025-03-24 20:00:00,8.7,7.4,0.0,1.28,0.0
2025-03-24 21:00:00,8.1,7.0,0.0,1.96,0.0
2025-03-24 22:00:00,7.8,6.6,0.0,2.35,0.0
2025-03-24 23:00:00,7.5,6.4,0.0,2.45,0.0
2025-03-25 00:00:00,7.4,6.3,0.0,1.86,0.0
2025-03-25 01:00:00,7.2,6.7,0.0,1.2,0.0
2025-03-25 02:00:00,6.9,6.4,0.0,1.37,0.0
2025-03-25 03:00:00,6.9,6.3,0.0,1.64,0.0
2025-03-25 04:00:00,6.7,6.1,0.0,1.36,0.0
2025-03-25 05:00:00,6.7,6.1,0.0,1.45,0.0
2025-03-25 06:00:00,6.9,6.0,0.0,1.59,0.0
2025-03-25 07:00:00,7.1,5.8,0.0,1.54,0.0
2025-03-25 08:00:00,7.4,5.8,0.0,1.66,0.0
2025-03-25 09:00:00,8.0,5.8,0.0,1.37,0.0
2025-03-25 10:00:00,8.8,6.0,0.0,0.79,0.0
2025-03-25 11:00:00,9.5,6.2,0.0,0.74,0.0
2025-03-25 12:00:00,10.4,6.3,0.0,1.03,0.0
2025-03-25 13:00:00,11.6,5.7,0.0,0.22,3600.0
2025-03-25 14:00:00,12.0,5.6,0.0,0.43,3600.0
2025-03-25 15:00:00,11.9,5.5,0.0,0.64,3600.0
2025-03-25 16:00:00,11.3,6.1,0.0,1.23,3600.0
2025-03-25 17:00:00,9.2,5.8,0.0,1.66,3356.66
2025-03-25 18:00:00,7.8,5.5,0.0,1.71,0.0
2025-03-25 19:00:00,6.3,4.7,0.0,1.35,0.0
2025-03-25 20:00:00,5.9,4.2,0.0,0.96,0.0
2025-03-25 21:00:00,5.4,3.9,0.0,0.25,0.0
2025-03-25 22:00:00,4.5,3.7,0.0,0.16,0.0
2025-03-25 23:00:00,3.8,3.4,0.0,0.22,0.0
2025-03-26 00:00:00,3.2,3.2,0.0,0.07,0.0
2025-03-26 01:00:00,2.9,2.9,0.0,0.05,0.0
2025-03-26 02:00:00,2.2,2.2,0.0,0.21,0.0
2025-03-26 03:00:00,1.9,1.9,0.0,0.22,0.0
2025-03-26 04:00:00,1.7,1.7,0.0,0.25,0.0
2025-03-26 05:00:00,1.8,1.8,0.0,0.11,0.0
2025-03-26 06:00:00,3.5,3.5,0.0,0.38,3600.0
2025-03-26 07:00:00,6.6,5.0,0.0,0.0,3600.0
2025-03-26 08:00:00,9.4,6.1,0.0,0.18,3600.0
2025-03-26 09:00:00,12.0,6.4,0.0,0.45,3600.0
2025-03-26 10:00:00,13.8,5.0,0.0,0.9,3600.0
2025-03-26 11:00:00,14.9,4.7,0.0,0.82,3600.0
2025-03-26 12:00:00,15.4,4.7,0.0,0.95,3600.0
2025-03-26 13:00:00,15.5,4.7,0.0,1.31,3600.0
2025-03-26 14:00:00,15.4,4.7,0.0,1.4,3600.0
2025-03-26 15:00:00,15.2,5.2,0.0,1.42,3600.0
2025-03-26 16:00:00,14.0,7.1,0.0,0.94,3600.0
2025-03-26 17:00:00,12.0,6.3,0.0,2.33,3451.08
2025-03-26 18:00:00,10.0,6.6,0.0,3.56,0.0
2025-03-26 19:00:00,8.6,6.3,0.0,2.62,0.0
2025-03-26 20:00:00,8.1,6.0,0.0,2.04,0.0
2025-03-26 21:00:00,8.1,5.9,0.0,3.2,0.0
2025-03-26 22:00:00,6.9,4.7,0.0,2.82,0.0
2025-03-26 23:00:00,6.5,4.6,0.0,1.19,0.0
2025-03-27 00:00:00,6.9,4.9,0.0,1.1,0.0
2025-03-27 01:00:00,7.7,5.7,0.1,1.91,0.0
2025-03-27 02:00:00,7.4,5.6,0.0,1.79,0.0
2025-03-27 03:00:00,6.8,5.5,0.0,1.52,0.0
2025-03-27 04:00:00,6.5,5.5,0.0,1.65,0.0
2025-03-27 05:00:00,6.4,5.5,0.0,1.98,0.0
2025-03-27 06:00:00,6.9,5.2,0.0,2.31,0.0
2025-03-27 07:00:00,8.0,5.0,0.0,2.15,0.0
2025-03-27 08:00:00,8.9,4.8,0.1,1.83,0.0
2025-03-27 09:00:00,9.4,4.8,0.1,1.53,0.0
2025-03-27 10:00:00,9.8,4.5,0.1,1.65,0.0
2025-03-27 11:00:00,10.6,4.4,0.0,1.75,0.0
2025-03-27 12:00:00,11.1,4.4,0.0,2.36,1766.73
2025-03-27 13:00:00,9.7,4.2,0.0,2.58,0.0
2025-03-27 14:00:00,9.5,4.1,0.0,2.56,0.0
2025-03-27 15:00:00,9.3,3.8,0.0,2.42,0.0
2025-03-27 16:00:00,9.0,4.1,0.0,2.17,0.0
2025-03-27 17:00:00,8.4,4.1,0.0,1.99,0.0
2025-03-27 18:00:00,7.9,3.8,0.0,2.35,0.0
2025-03-27 19:00:00,7.6,3.6,0.0,2.69,0.0
2025-03-27 20:00:00,6.9,3.2,0.0,2.38,0.0
2025-03-27 21:00:00,6.3,3.2,0.0,2.26,0.0
2025-03-27 22:00:00,5.6,3.2,0.0,2.21,0.0
2025-03-27 23:00:00,4.9,3.0,0.0,1.86,0.0
2025-03-28 00:00:00,4.6,2.9,0.0,1.72,0.0
2025-03-28 01:00:00,4.8,2.2,0.0,2.29,0.0
2025-03-28 02:00:00,5.1,2.4,0.0,2.44,0.0
2025-03-28 03:00:00,4.8,2.6,0.0,2.86,0.0
2025-03-28 04:00:00,3.7,2.3,0.0,3.07,0.0
2025-03-28 05:00:00,3.4,2.2,0.0,3.15,0.0
2025-03-28 06:00:00,4.4,2.6,0.0,2.73,3600.0
2025-03-28 07:00:00,6.0,2.9,0.0,3.11,3600.0
2025-03-28 08:00:00,7.8,3.4,0.0,3.49,3600.0
2025-03-28 09:00:00,9.7,4.0,0.0,4.26,3600.0
2025-03-28 10:00:00,11.7,4.6,0.0,5.3,3600.0
2025-03-28 11:00:00,13.1,4.7,0.0,5.66,3600.0
2025-03-28 12:00:00,14.1,4.5,0.0,5.56,3600.0
2025-03-28 13:00:00,13.1,5.6,0.0,5.8,2632.86
2025-03-28 14:00:00,13.3,5.7,0.0,5.56,2154.83
2025-03-28 15:00:00,13.4,6.4,0.0,5.25,158.68
2025-03-28 16:00:00,13.0,6.5,0.0,4.24,0.0
2025-03-28 17:00:00,12.3,6.4,0.0,3.95,0.0
2025-03-28 18:00:00,11.6,6.4,0.0,3.86,0.0
2025-03-28 19:00:00,10.8,6.2,0.0,3.9,0.0
2025-03-28 20:00:00,9.7,5.8,0.0,3.54,0.0
2025-03-28 21:00:00,8.6,5.5,0.0,3.4,0.0
2025-03-28 22:00:00,7.9,5.1,0.0,3.57,0.0
2025-03-28 23:00:00,7.3,4.8,0.0,3.5,0.0
2025-03-29 00:00:00,6.8,4.6,0.0,3.48,0.0
2025-03-29 01:00:00,7.1,4.7,0.0,3.36,0.0
2025-03-29 02:00:00,6.7,4.5,0.0,3.33,0.0
2025-03-29 03:00:00,6.2,4.3,0.0,3.09,0.0
2025-03-29 04:00:00,5.8,4.2,0.0,2.83,0.0
2025-03-29 05:00:00,5.8,4.3,0.0,2.95,0.0
2025-03-29 06:00:00,7.0,4.9,0.0,2.5,3600.0
2025-03-29 07:00:00,8.5,5.5,0.0,2.25,3600.0
2025-03-29 08:00:00,10.5,6.4,0.0,2.29,3600.0
2025-03-29 09:00:00,12.6,7.3,0.0,2.67,3600.0
2025-03-29 10:00:00,14.1,7.7,0.0,3.42,3600.0
2025-03-29 11:00:00,14.9,7.5,0.0,3.76,3600.0
2025-03-29 12:00:00,15.5,7.0,0.0,3.82,3600.0
2025-03-29 13:00:00,15.9,6.4,0.0,4.29,3600.0
2025-03-29 14:00:00,15.7,6.0,0.0,4.05,3600.0
2025-03-29 15:00:00,15.3,6.9,0.0,2.8,0.0
2025-03-29 16:00:00,14.7,7.5,0.0,2.16,688.54
2025-03-29 17:00:00,13.3,7.5,0.0,2.33,0.0
2025-03-29 18:00:00,11.4,5.7,0.0,3.21,0.0
2025-03-29 19:00:00,10.2,5.2,0.0,2.52,0.0
2025-03-29 20:00:00,9.0,5.0,0.0,2.24,0.0
2025-03-29 21:00:00,8.6,5.2,0.0,1.94,0.0
2025-03-29 22:00:00,8.2,5.3,0.0,2.02,0.0
2025-03-29 23:00:00,7.6,5.2,0.0,2.03,0.0
2025-03-30 00:00:00,7.2,5.1,0.0,1.78,0.0
2025-03-30 01:00:00,6.7,2.8,0.0,1.82,0.0
2025-03-30 02:00:00,5.6,2.7,0.0,1.22,0.0
2025-03-30 03:00:00,4.7,2.3,0.0,1.12,0.0
2025-03-30 04:00:00,4.1,2.1,0.0,1.7,0.0
2025-03-30 05:00:00,4.3,2.4,0.0,1.2,57.88
2025-03-30 06:00:00,6.2,3.5,0.0,0.96,3600.0
2025-03-30 07:00:00,8.0,3.8,0.0,0.45,3600.0
2025-03-30 08:00:00,9.9,4.4,0.0,1.4,3600.0
2025-03-30 09:00:00,12.0,5.1,0.0,1.7,3600.0
2025-03-30 10:00:00,13.5,4.7,0.0,1.9,3600.0
2025-03-30 11:00:00,14.0,3.9,0.0,1.97,0.0
2025-03-30 12:00:00,13.8,3.9,0.0,1.4,0.0
2025-03-30 13:00:00,13.7,4.8,0.0,2.51,0.0
2025-03-30 14:00:00,13.6,5.4,0.0,3.51,1525.58
2025-03-30 15:00:00,13.2,5.5,0.0,3.5,1444.17
2025-03-30 16:00:00,12.2,5.5,0.0,3.58,2511.49
2025-03-30 17:00:00,11.0,5.7,0.0,2.95,0.0
2025-03-30 18:00:00,9.6,6.2,0.1,2.35,0.0
2025-03-30 19:00:00,8.8,6.5,0.0,2.01,0.0
2025-03-30 20:00:00,8.4,6.5,0.0,2.26,0.0
2025-03-30 21:00:00,8.0,6.3,0.2,2.22,0.0
2025-03-30 22:00:00,7.5,6.3,0.3,1.7,0.0
2025-03-30 23:00:00,6.9,5.6,0.8,1.78,0.0
2025-03-31 00:00:00,6.8,6.1,0.5,1.15,0.0
2025-03-31 01:00:00,6.6,5.8,0.0,1.0,0.0
2025-03-31 02:00:00,5.9,5.2,0.0,1.88,0.0
2025-03-31 03:00:00,4.9,3.9,0.0,2.51,0.0
2025-03-31 04:00:00,4.2,3.1,0.0,2.33,0.0
2025-03-31 05:00:00,4.2,3.2,0.0,2.39,0.0
2025-03-31 06:00:00,5.6,4.1,0.0,2.33,3600.0
2025-03-31 07:00:00,7.0,4.5,0.0,3.23,3212.02
2025-03-31 08:00:00,7.9,4.2,0.1,3.26,3517.12
2025-03-31 09:00:00,8.9,3.8,0.1,3.28,3600.0
2025-03-31 10:00:00,9.6,3.7,0.2,3.2,3600.0
2025-03-31 11:00:00,10.4,3.2,0.1,2.66,3600.0
2025-03-31 12:00:00,10.5,3.0,0.2,2.83,3600.0
2025-03-31 13:00:00,10.7,2.6,0.0,2.8,3061.32
2025-03-31 14:00:00,10.7,2.6,0.0,3.05,3600.0
2025-03-31 15:00:00,10.7,2.6,0.0,3.06,3600.0
2025-03-31 16:00:00,10.3,2.9,0.0,2.22,950.96
2025-03-31 17:00:00,9.5,3.3,0.0,2.18,0.0
2025-03-31 18:00:00,9.0,3.5,0.0,2.33,0.0
2025-03-31 19:00:00,8.2,3.7,0.0,1.7,0.0
2025-03-31 20:00:00,8.0,3.6,0.0,2.29,0.0
2025-03-31 21:00:00,7.8,3.2,0.0,3.1,0.0
2025-03-31 22:00:00,7.3,3.2,0.0,3.6,0.0
2025-03-31 23:00:00,6.8,3.4,0.0,3.2,0.0
